Rk,Name,Age,Tm,Lg,G,PA,AB,R,H,2B,3B,HR,RBI,SB,CS,BB,SO,BA,OBP,SLG,OPS,OPS+,TB,GDP,HBP,SH,SF,IBB,Pos Summary,Name-additional
1,CJ Abrams*,22,WSN,NL,58,215,201,22,45,9,2,6,29,6,2,8,47,.224,.271,.378,.649,80,76,5,5,1,0,0,*6/H,abramcj01
2,José Abreu,36,HOU,AL,64,269,246,18,54,8,0,3,29,0,1,17,64,.220,.275,.289,.564,57,71,7,3,0,3,1,*3/D,abreujo02
3,Ronald Acuna Jr.,25,ATL,NL,65,296,263,56,87,20,1,13,37,28,5,30,40,.331,.402,.563,.965,157,148,6,2,0,1,2,*9,acunaro01
4,Willy Adames,27,MIL,NL,56,237,207,27,43,7,0,10,28,4,2,24,63,.208,.289,.386,.676,85,80,6,1,0,3,0,*6/D,adamewi01
5,Riley Adams,27,WSN,NL,13,51,45,3,12,3,1,2,6,0,0,5,17,.267,.340,.511,.851,136,23,2,0,1,0,0,2,adamsri03
6,Jo Adell,24,LAA,AL,1,4,3,1,1,0,0,1,1,0,0,1,1,.333,.500,1.333,1.833,382,4,0,0,0,0,0,/9,adelljo01
7,Ehire Adrianza#,33,ATL,NL,5,11,10,0,0,0,0,0,0,0,0,1,4,.000,.091,.000,.091,-72,0,0,0,0,0,0,/H6,adriaeh01
8,Jesús Aguilar,33,OAK,AL,36,115,104,8,23,2,0,5,9,0,0,8,31,.221,.281,.385,.665,90,40,3,1,0,1,2,3/DH,aguilje01
9,Nick Ahmed,33,ARI,NL,36,109,104,10,23,5,0,2,12,4,0,5,25,.221,.257,.327,.584,60,34,0,0,0,0,0,6/HD,ahmedni01
10,Hanser Alberto,30,CHW,AL,30,90,82,11,18,5,0,3,16,0,0,4,13,.220,.261,.390,.652,77,32,1,1,2,1,0,54/31H,alberha01
11,Ozzie Albies#,26,ATL,NL,65,270,249,29,63,11,1,14,42,2,0,16,37,.253,.304,.474,.778,106,118,5,3,0,2,2,*4,albieoz01
12,Scott Alexander*,33,SFG,NL,1,0,0,0,0,0,0,0,0,0,0,0,0,,,,,,0,0,0,0,0,0,1,alexasc02
13,Greg Allen#,30,NYY,AL,10,17,14,5,3,0,1,1,1,1,0,1,7,.214,.313,.571,.884,139,8,0,1,1,0,0,/H879,allengr01
14,Nick Allen,24,OAK,AL,38,111,102,9,20,1,0,1,3,0,0,6,18,.196,.241,.235,.476,39,24,2,0,3,0,0,6/H4,allenni02
15,Pete Alonso,28,NYM,NL,62,261,229,41,53,4,1,22,49,2,0,27,51,.231,.326,.546,.872,139,125,6,5,0,0,0,*3/D,alonspe01
16,Jose Altuve,33,HOU,AL,15,69,61,13,16,5,0,2,6,2,0,8,15,.262,.348,.443,.790,118,27,2,0,0,0,0,4,altuvjo01
17,Jake Alu*,26,WSN,NL,4,14,13,0,3,0,0,0,0,1,0,1,3,.231,.286,.231,.516,48,3,0,0,0,0,0,/7,aluja01
18,Francisco Alvarez,21,NYM,NL,44,150,140,19,34,6,0,12,25,0,0,8,36,.243,.293,.543,.836,128,76,6,2,0,0,0,2/HD,alvarfr01
19,Yordan Alvarez*,26,HOU,AL,57,242,202,41,56,12,0,17,55,0,0,32,55,.277,.388,.589,.978,166,119,5,6,0,2,2,D7,alvaryo01
20,Miguel Amaya,24,CHC,NL,13,41,32,3,8,0,0,1,5,0,0,1,9,.250,.375,.344,.719,100,11,1,6,1,1,0,2/DH,amayami01
21,Brian Anderson,30,MIL,NL,64,253,218,29,50,8,1,8,32,0,3,29,69,.229,.328,.385,.713,97,84,5,4,0,2,0,59/DH,anderbr06
22,Tim Anderson,30,CHW,AL,46,200,190,21,50,9,0,0,10,7,1,10,38,.263,.300,.311,.611,70,59,6,0,0,0,0,*6/H,anderti01
23,Elvis Andrus,34,CHW,AL,45,170,152,12,30,4,0,1,13,6,1,13,31,.197,.272,.243,.516,45,37,0,3,1,1,1,64/5,andruel01
24,Miguel Andujar,28,PIT,NL,13,33,31,2,5,1,0,2,6,0,0,2,5,.161,.212,.387,.599,60,12,0,0,0,0,0,9/HD,andujmi01
25,Orlando Arcia,28,ATL,NL,44,168,154,22,50,8,0,5,19,0,0,13,32,.325,.381,.474,.855,129,73,7,1,0,0,0,*6,arciaor01
26,Nolan Arenado,32,STL,NL,63,269,246,30,68,9,2,13,45,2,3,19,50,.276,.327,.488,.815,122,120,9,1,0,3,2,*5/DH,arenano01
27,Gabriel Arias,23,CLE,AL,49,130,113,10,24,5,0,4,6,0,2,17,43,.212,.315,.363,.678,91,41,4,0,0,0,0,3H9/65D4,ariasga01
28,Randy Arozarena,28,TBR,AL,64,274,225,41,65,7,1,12,44,9,4,37,61,.289,.405,.489,.894,154,110,3,9,0,3,0,*7/DH,arozara01
29,Luis Arraez*,26,MIA,NL,61,253,229,27,91,15,1,1,30,1,2,19,13,.397,.447,.485,.931,157,111,10,3,0,2,5,*4/H3D,arraelu01
30,Christian Arroyo,28,BOS,AL,32,94,89,13,22,7,0,1,11,1,0,4,21,.247,.280,.360,.639,72,32,5,0,1,0,0,4/H65,arroych01
31,José Azocar,27,SDP,NL,26,55,51,8,12,2,0,0,3,6,1,1,11,.235,.250,.275,.525,49,14,0,0,3,0,0,9/H87D,azocajo01
32,Akil Baddoo*,24,DET,AL,50,168,143,17,33,7,0,3,16,6,1,24,34,.231,.341,.343,.684,93,49,1,0,1,0,2,*7/H89D,baddoak01
33,Harrison Bader,29,NYY,AL,26,95,90,14,24,0,2,6,19,6,2,3,13,.267,.295,.511,.806,119,46,1,1,0,1,0,8/H,baderha01
34,Ji Hwan Bae*,23,PIT,NL,59,193,174,32,47,9,0,2,17,19,5,13,45,.270,.326,.356,.683,88,62,2,2,3,1,0,84/H6,baeji01
35,Javier Báez,30,DET,AL,60,253,236,23,52,8,1,4,29,5,0,10,54,.220,.262,.314,.575,60,74,5,4,0,2,0,*6/DH,baezja01
36,Patrick Bailey#,24,SFG,NL,17,61,57,6,17,5,1,2,14,0,0,2,19,.298,.322,.526,.848,129,30,1,0,2,0,0,2,bailepa01
37,Bryan Baker,28,BAL,AL,1,0,0,0,0,0,0,0,0,0,0,0,0,,,,,,0,0,0,0,0,0,1,bakerbr01
38,Luken Baker,26,STL,NL,3,13,13,1,4,0,0,0,0,0,0,0,5,.308,.308,.308,.615,71,4,0,0,0,0,0,/D,bakerlu01
39,Rylan Bannon,27,HOU,AL,2,6,6,0,0,0,0,0,0,0,0,0,3,.000,.000,.000,.000,-100,0,0,0,0,0,0,/4D,bannory01
40,Austin Barnes,33,LAD,NL,27,88,78,4,8,2,0,0,4,2,1,8,20,.103,.193,.128,.321,-11,10,2,1,0,1,0,2/H,barneau01
41,Tucker Barnhart*,32,CHC,NL,28,78,68,1,11,1,0,0,4,0,0,8,24,.162,.256,.176,.433,22,12,3,1,0,1,0,2/1H,barnhtu01
42,Tres Barrera,28,STL,NL,6,2,2,0,0,0,0,0,0,0,0,0,0,.000,.000,.000,.000,-100,0,0,0,0,0,0,/2H,barretr01
43,Jose Barrero,25,CIN,NL,45,146,130,15,29,8,0,2,17,3,2,15,44,.223,.301,.331,.632,68,43,1,0,0,1,0,68/HD,garcijo02
44,Joey Bart,26,SFG,NL,26,84,78,8,18,5,0,0,4,0,0,2,21,.231,.286,.295,.581,61,23,0,4,0,0,0,2/H,bartjo01
45,Brett Baty*,23,NYM,NL,45,164,145,17,33,6,0,4,17,1,0,17,40,.228,.311,.352,.663,86,51,5,1,0,1,0,5/H7,batybr01
46,Jake Bauers*,27,NYY,AL,33,96,82,11,18,6,0,5,11,1,0,12,32,.220,.313,.476,.788,116,39,1,0,0,2,0,79/H3D,bauerja01
47,Mike Baumann,27,BAL,AL,1,0,0,0,0,0,0,0,0,0,0,0,0,,,,,,0,0,0,0,0,0,1,baumami01
48,Matt Beaty*,30,SFG,NL,4,5,5,1,1,0,0,0,1,0,0,0,2,.200,.200,.200,.400,11,1,0,0,0,0,0,/DH1,beatyma01
49,Josh Bell#,30,CLE,AL,59,241,208,13,49,14,0,5,30,0,1,31,50,.236,.332,.375,.707,100,78,2,0,0,2,1,D3/H,belljo02
50,Cody Bellinger*,27,CHC,NL,37,163,144,29,39,9,1,7,20,9,2,14,31,.271,.337,.493,.830,124,71,2,2,0,3,1,8,bellico01
51,Brandon Belt*,35,TOR,AL,48,180,152,18,40,14,0,4,16,0,0,27,67,.263,.378,.434,.812,130,66,3,1,0,0,1,D3/H,beltbr01
52,Anthony Bemboom*,33,BAL,AL,2,3,2,0,0,0,0,0,0,0,0,1,0,.000,.333,.000,.333,6,0,0,0,0,0,0,/2,bemboan01
53,Andrew Benintendi*,28,CHW,AL,62,253,226,31,61,15,1,0,14,7,1,23,35,.270,.341,.345,.686,91,78,3,2,1,1,5,*7/HD,beninan01
54,Will Benson*,25,CIN,NL,23,66,61,6,14,0,1,1,2,3,1,5,20,.230,.288,.311,.599,60,19,1,0,0,0,0,7/9H8,bensowi01
55,Jon Berti,33,MIA,NL,57,192,175,25,46,5,1,2,12,7,4,13,39,.263,.311,.337,.648,79,59,5,0,2,2,1,65/H47D,bertijo01
56,Christian Bethancourt,31,TBR,AL,44,151,143,23,33,9,0,7,17,0,0,6,40,.231,.260,.441,.701,95,63,4,0,1,1,0,2/D1H,bethach01
57,Mookie Betts,30,LAD,NL,63,289,247,53,65,14,1,17,41,4,1,39,48,.263,.367,.534,.901,139,132,3,2,0,1,0,*94/6H,bettsmo01
58,Bo Bichette,25,TOR,AL,67,301,287,37,91,11,1,14,43,3,3,13,52,.317,.349,.509,.858,139,146,6,1,0,0,0,*6/D,bichebo01
59,Cavan Biggio*,28,TOR,AL,41,107,97,15,18,2,0,5,11,2,2,8,37,.186,.262,.361,.623,74,35,0,2,0,0,0,4H9/3D5,biggica01
60,Charlie Blackmon*,36,COL,NL,56,242,211,34,56,14,2,5,26,0,1,21,33,.265,.347,.422,.769,99,89,4,7,0,3,0,D9/H,blackch02
61,JJ Bleday*,25,OAK,AL,30,105,91,11,19,6,0,3,5,1,1,14,21,.209,.314,.374,.688,98,34,1,0,0,0,0,7/98HD,bledajj01
62,Xander Bogaerts,30,SDP,NL,60,256,225,35,58,10,0,7,21,6,0,27,47,.258,.344,.396,.739,109,89,8,3,0,1,0,*6/DH,bogaexa01
63,Alec Bohm,26,PHI,NL,54,219,200,23,52,9,0,6,37,2,1,15,38,.260,.315,.395,.710,95,79,9,2,0,2,0,35/DH,bohmal01
64,Jackie Bradley Jr.*,33,KCR,AL,43,113,105,10,14,5,0,1,6,0,0,5,29,.133,.188,.210,.397,10,22,3,2,1,0,0,89/7H,bradlja02
65,Matt Brash,25,SEA,AL,1,0,0,0,0,0,0,0,0,0,0,0,0,,,,,,0,0,0,0,0,0,1,brashma01
66,Alex Bregman,29,HOU,AL,65,289,251,37,61,8,1,9,39,1,0,35,37,.243,.339,.390,.730,102,98,9,2,0,1,1,*5/D,bregmal01
67,Will Brennan*,25,CLE,AL,57,171,161,16,43,10,0,4,19,6,2,6,26,.267,.304,.404,.708,98,65,1,3,0,1,1,*9H/87,brennwi02
68,Jonah Bride,27,OAK,AL,10,35,28,3,8,1,0,0,4,0,0,3,6,.286,.400,.321,.721,113,9,1,3,0,1,0,/5H,bridejo01
69,Mike Brosseau,29,MIL,NL,29,78,73,4,15,2,0,4,8,0,0,4,20,.205,.256,.397,.654,77,29,2,1,0,0,0,5/H31D4,brossmi01
70,Seth Brown*,30,OAK,AL,27,102,91,10,18,5,0,4,13,2,1,11,33,.198,.284,.385,.669,91,35,1,0,0,0,0,7/9DH,brownse01
71,Vidal Bruján#,25,TBR,AL,14,32,29,5,5,0,0,0,4,0,1,1,8,.172,.226,.172,.398,16,5,1,1,1,0,0,/4H965,brujavi01
72,Kris Bryant,31,COL,NL,50,214,190,21,50,6,0,5,17,0,0,21,37,.263,.346,.374,.719,87,71,2,3,0,0,0,9D/7,bryankr01
73,J.B. Bukauskas,26,SEA,AL,1,0,0,0,0,0,0,0,0,0,0,0,0,,,,,,0,0,0,0,0,0,/1,bukaujb01
74,Peyton Burdick,26,MIA,NL,14,37,33,4,6,2,0,1,2,1,0,3,18,.182,.270,.333,.604,65,11,0,1,0,0,0,9/8H7,burdipe01
75,Jake Burger,27,CHW,AL,48,165,152,24,38,9,1,13,32,1,1,8,52,.250,.297,.579,.876,134,88,2,3,0,2,0,D5/H34,burgeja01
76,Alec Burleson*,24,STL,NL,49,162,147,17,33,7,1,5,15,0,1,10,17,.224,.277,.388,.664,81,57,6,1,1,1,0,7/HD93,burleal01
77,Michael Busch*,25,LAD,NL,7,23,19,5,4,0,0,0,2,1,0,4,9,.211,.348,.211,.558,56,4,0,0,0,0,0,/5DH47,buschmi02
78,Byron Buxton,29,MIN,AL,50,212,182,31,40,9,1,10,23,6,0,26,61,.220,.325,.445,.771,113,81,2,3,0,1,1,*D/H,buxtoby01
79,José Caballero,26,SEA,AL,38,115,90,16,22,4,0,2,13,7,2,16,22,.244,.391,.356,.747,117,32,0,7,0,2,0,4/6H5D,cabaljo01
80,Génesis Cabrera*,26,STL,NL,1,0,0,0,0,0,0,0,0,0,0,0,0,,,,,,0,0,0,0,0,0,1,cabrege01
81,Miguel Cabrera,40,DET,AL,33,120,107,5,23,7,0,0,7,0,0,12,25,.215,.292,.280,.572,62,30,5,0,0,1,0,D/H,cabremi01
82,Oswaldo Cabrera#,24,NYY,AL,57,177,163,19,32,6,0,4,18,5,0,10,35,.196,.244,.307,.551,53,50,6,1,1,2,1,*79/5H46D3,cabreos01
83,Willie Calhoun*,28,NYY,AL,40,139,125,16,30,7,0,5,16,0,0,13,17,.240,.309,.416,.725,100,52,2,0,0,1,1,D/9H7,calhowi01
84,Alex Call,28,WSN,NL,61,242,211,24,46,9,0,3,20,6,2,26,48,.218,.310,.303,.613,74,64,0,3,0,2,0,*87/H9,callal02
85,Luis Campusano,24,SDP,NL,7,22,21,3,5,1,0,1,2,0,0,0,6,.238,.227,.429,.656,80,9,1,0,0,1,0,/2,campulu01
86,Jeimer Candelario#,29,WSN,NL,61,261,231,30,58,17,2,8,30,1,0,22,51,.251,.330,.446,.775,116,103,3,6,0,2,1,*5,candeje01
87,Mark Canha,34,NYM,NL,57,206,179,24,44,12,0,5,21,4,0,19,35,.246,.330,.397,.727,103,71,5,5,0,3,0,7/D39H5,canhama01
88,Yennier Cano,29,BAL,AL,1,0,0,0,0,0,0,0,0,0,0,0,0,,,,,,0,0,0,0,0,0,1,canoye01
89,Conner Capel*,26,OAK,AL,26,75,66,4,17,4,0,0,3,4,3,9,22,.258,.347,.318,.665,94,21,1,0,0,0,0,9/7HD,capelco01
90,Victor Caratini#,29,MIL,NL,25,92,80,7,19,0,0,3,12,1,0,9,22,.238,.326,.350,.676,88,28,2,2,0,1,0,2/H,caratvi01
91,Dylan Carlson#,24,STL,NL,35,121,108,14,27,5,1,3,14,1,0,10,23,.250,.322,.398,.720,98,43,2,2,0,1,0,8/7H9D,carlsdy01
92,Kerry Carpenter*,25,DET,AL,23,88,81,10,23,6,0,4,8,0,0,6,24,.284,.341,.506,.847,133,41,1,1,0,0,0,9/D7H,carpeke01
93,Matt Carpenter*,37,SDP,NL,48,160,133,14,26,10,0,4,26,1,0,22,48,.195,.308,.361,.669,89,48,2,1,0,3,0,DH/3,carpema01
94,Corbin Carroll*,22,ARI,NL,62,253,221,47,68,17,2,13,33,19,2,26,49,.308,.389,.579,.968,163,128,2,4,1,1,1,*789/DH,carroco02
95,Curt Casali,34,CIN,NL,32,77,64,7,11,2,0,0,5,0,0,9,19,.172,.293,.203,.496,36,13,1,2,2,0,0,2/35,casalcu01
96,Triston Casas*,23,BOS,AL,58,214,179,25,36,8,1,7,19,0,0,33,58,.201,.322,.374,.697,88,67,4,0,0,2,0,*3/HD,casastr01
97,Nick Castellanos,31,PHI,NL,65,274,253,40,79,21,1,8,38,3,2,19,67,.312,.358,.498,.856,134,126,2,0,0,2,0,*9/D,casteni01
98,Harold Castro*,29,COL,NL,45,134,128,13,34,7,0,0,17,0,0,3,26,.266,.278,.320,.599,55,41,2,0,1,2,0,4/8H75D19,castrha01
99,Miguel Castro,28,ARI,NL,1,0,0,0,0,0,0,0,0,0,0,0,0,,,,,,0,0,0,0,0,0,1,castrmi01
100,Rodolfo Castro#,24,PIT,NL,58,172,149,17,40,7,0,6,21,1,4,17,40,.268,.360,.436,.797,119,65,3,5,0,1,1,46H/5D,castrro01
101,Willi Castro#,26,MIN,AL,53,151,137,23,33,6,0,5,12,12,2,6,47,.241,.300,.394,.694,92,54,1,6,1,1,0,75H/8469D1,castrwi01
102,Jake Cave*,30,PHI,NL,20,70,63,3,14,4,0,1,9,3,0,6,16,.222,.286,.333,.619,71,21,2,0,0,1,0,7/9H,caveja01
103,Andrew Chafin,33,ARI,NL,3,0,0,0,0,0,0,0,0,0,0,0,0,,,,,,0,0,0,0,0,0,1,chafian01
104,Yu Chang,27,BOS,AL,17,47,44,5,6,0,0,3,8,1,0,1,12,.136,.174,.341,.515,35,15,1,1,1,0,0,6/4H5D,changyu01
105,Matt Chapman,30,TOR,AL,65,275,242,35,65,23,0,9,34,2,2,28,71,.269,.349,.475,.824,131,115,1,3,0,2,1,*5/D,chapmma01
106,Michael Chavis,27,WSN,NL,16,36,33,4,10,0,0,0,2,0,0,3,10,.303,.361,.303,.664,90,10,1,0,0,0,0,/45H3D,chavimi01
107,Jazz Chisholm Jr.*,25,MIA,NL,39,159,144,16,33,2,1,7,16,14,2,12,52,.229,.291,.403,.694,89,58,1,1,1,1,0,8/H,chishja01
108,Ji Man Choi*,32,PIT,NL,9,32,32,3,4,1,0,2,2,0,0,0,15,.125,.125,.344,.469,23,11,1,0,0,0,0,/D3H,choiji01
109,Kody Clemens*,27,PHI,NL,34,108,100,13,27,5,0,4,12,0,0,7,28,.270,.324,.440,.764,109,44,1,1,0,0,0,3/H1D6,clemeko01
110,Ernie Clement,27,TOR,AL,4,6,5,1,2,0,0,0,1,0,0,0,1,.400,.333,.400,.733,107,2,0,0,0,1,0,/H64,clemeer01
111,Oscar Colás*,24,CHW,AL,25,84,76,8,16,2,0,1,7,2,1,5,20,.211,.265,.276,.541,50,21,1,1,1,1,0,9/H8D,colasos01
112,Michael Conforto*,30,SFG,NL,56,222,190,35,46,3,0,12,33,2,0,27,57,.242,.342,.447,.790,116,85,4,3,0,2,0,*9/HD,confomi01
113,William Contreras,25,MIL,NL,52,211,184,25,44,9,0,8,20,0,0,25,43,.239,.336,.418,.755,108,77,9,2,0,0,0,2/DH,contrwi02
114,Willson Contreras,31,STL,NL,61,245,216,25,44,12,0,7,27,5,1,25,57,.204,.294,.356,.650,79,77,6,3,0,1,0,*2D/H,contrwi01
115,Garrett Cooper,32,MIA,NL,45,177,168,14,40,6,1,7,24,0,0,7,56,.238,.271,.411,.682,85,69,5,1,0,1,0,3D/H,coopega03
116,Franchy Cordero*,28,NYY,AL,19,56,54,6,8,1,0,4,11,0,0,2,21,.148,.179,.389,.567,52,21,0,0,0,0,0,9/7H,cordefr02
117,Carlos Correa,28,MIN,AL,56,240,212,19,46,14,1,8,29,0,0,27,59,.217,.304,.406,.710,97,86,9,0,0,1,1,*6,correca01
118,Danny Coulombe*,33,BAL,AL,1,0,0,0,0,0,0,0,0,0,0,0,0,,,,,,0,0,0,0,0,0,1,couloda01
119,Brandon Crawford*,36,SFG,NL,39,134,120,13,23,7,0,4,15,3,0,14,42,.192,.276,.350,.626,71,42,3,0,0,0,0,6/1H,crawfbr01
120,J.P. Crawford*,28,SEA,AL,61,248,213,33,53,12,0,3,23,1,0,33,46,.249,.352,.347,.700,102,74,4,1,1,0,0,*6/H,crawfjp01
121,Kutter Crawford,27,BOS,AL,1,0,0,1,0,0,0,0,0,0,0,0,0,,,,,,0,0,0,0,0,0,1/H,crawfku01
122,C.J. Cron,33,COL,NL,36,148,136,19,31,9,0,6,20,0,0,10,35,.228,.277,.426,.703,79,58,8,0,0,2,0,3,croncj01
123,Jake Cronenworth*,29,SDP,NL,64,270,228,27,49,8,4,7,24,3,0,33,61,.215,.325,.377,.702,98,86,5,5,1,2,1,*34,croneja01
124,Nelson Cruz,42,SDP,NL,36,111,105,7,25,4,1,3,16,1,0,4,36,.238,.270,.381,.651,82,40,1,1,0,1,0,DH/3,cruzne02
125,Oneil Cruz*,24,PIT,NL,9,40,32,7,8,1,0,1,4,3,0,7,8,.250,.375,.375,.750,108,12,0,0,0,1,0,/6,cruzon01
126,Travis d'Arnaud,34,ATL,NL,22,85,77,11,23,4,0,2,10,0,0,7,14,.299,.365,.429,.793,113,33,1,1,0,0,0,2/DH,darnatr01
127,David Dahl*,29,SDP,NL,4,9,9,1,1,0,0,1,1,0,0,0,2,.111,.111,.444,.556,47,4,0,0,0,0,0,/9H,dahlda01
128,Bobby Dalbec,28,BOS,AL,8,13,11,1,2,0,0,0,0,1,0,2,7,.182,.308,.182,.490,38,2,0,0,0,0,0,/H345D6,dalbebo01
129,J.D. Davis,30,SFG,NL,61,238,203,29,58,11,1,9,34,1,0,26,61,.286,.371,.483,.854,133,98,10,4,0,4,0,*5/DH3,davisjd01
130,Jonathan Davis,31,MIA,NL,16,53,46,13,13,3,1,1,6,1,0,4,14,.283,.353,.457,.809,121,21,1,1,1,0,0,8/H9,davisjo05
131,Yonathan Daza,29,COL,NL,24,80,74,8,20,6,0,0,7,1,0,3,13,.270,.304,.351,.655,70,26,5,1,1,1,0,8/H9,dazayo01
132,Bryan De La Cruz,26,MIA,NL,62,250,227,29,67,14,0,8,35,3,0,20,63,.295,.348,.463,.811,121,105,7,0,0,3,0,*7/89DH,delacbr01
133,Elly De La Cruz#,21,CIN,NL,6,27,22,7,8,1,1,1,4,3,0,5,10,.364,.481,.636,1.118,194,14,0,0,0,0,0,/56,delacel01
134,Paul DeJong,29,STL,NL,40,155,139,22,31,5,0,8,19,3,1,13,43,.223,.303,.432,.735,100,60,3,3,0,0,0,6/H,dejonpa01
135,Jason Delay,28,PIT,NL,31,87,75,8,22,4,1,1,9,0,0,7,21,.293,.365,.413,.778,114,31,2,2,2,1,0,2/H,delayja01
136,Jonny Deluca,24,LAD,NL,3,8,7,0,1,0,0,0,0,0,0,1,2,.143,.250,.143,.393,10,1,0,0,0,0,0,/89,delucjo01
137,Rafael Devers*,26,BOS,AL,63,270,247,34,61,16,0,15,52,0,1,17,56,.247,.300,.494,.794,110,122,7,3,0,3,2,*5/DH,deverra01
138,Aledmys Díaz,32,OAK,AL,45,159,147,10,30,6,0,1,10,1,0,7,31,.204,.258,.265,.523,52,39,8,4,0,1,0,564/HD3,diazal02
139,Alexis Díaz,26,CIN,NL,1,0,0,0,0,0,0,0,0,0,0,0,0,,,,,,0,0,0,0,0,0,1,diazal03
140,Elias Díaz,32,COL,NL,57,217,197,22,58,13,0,6,29,0,0,17,40,.294,.350,.452,.802,106,89,7,1,0,2,0,*2/HD,diazel01
141,Jordan Diaz,22,OAK,AL,24,72,69,6,15,1,0,4,8,0,1,2,17,.217,.250,.406,.656,85,28,2,1,0,0,0,4/HD,diazjo03
142,Yainer Diaz,24,HOU,AL,28,92,84,12,23,7,0,3,8,0,0,3,16,.274,.293,.464,.758,106,39,4,1,0,4,0,2/DH3,diazya02
143,Yandy Díaz,31,TBR,AL,55,242,208,43,65,13,0,12,34,0,0,29,38,.313,.405,.548,.953,168,114,6,4,0,1,0,*3/5DH,diazya01
144,Corey Dickerson*,34,WSN,NL,19,59,54,6,14,3,0,2,9,0,0,4,12,.259,.305,.426,.731,103,23,1,0,0,1,0,7/HD,dickeco01
145,Brandon Dixon,31,SDP,NL,21,58,52,6,11,2,0,2,5,1,0,0,19,.212,.259,.365,.624,74,19,1,4,0,2,0,/3HD971,dixonbr01
146,Josh Donaldson,37,NYY,AL,13,46,42,7,6,0,0,5,6,0,0,4,15,.143,.217,.500,.717,92,21,1,0,0,0,0,5/DH,donaljo02
147,Brendan Donovan*,26,STL,NL,60,224,194,27,49,5,0,6,16,4,0,25,32,.253,.348,.371,.719,100,72,2,4,0,1,2,473/9H56,donovbr01
148,Jeter Downs,24,WSN,NL,1,2,1,0,0,0,0,0,0,0,0,1,1,.000,.500,.000,.500,59,0,0,0,0,0,0,/6,downsje01
149,Brenton Doyle,25,COL,NL,37,120,112,16,24,3,1,4,16,8,1,7,42,.214,.258,.366,.624,60,41,1,0,0,1,0,8/H,doylebr02
150,Hunter Dozier,31,KCR,AL,29,91,82,8,15,2,1,2,9,2,0,8,29,.183,.253,.305,.558,54,25,0,0,0,1,0,5/397HD,doziehu01
151,Brandon Drury,30,LAA,AL,60,240,221,29,57,16,2,10,30,0,1,12,64,.258,.304,.484,.788,113,107,8,4,0,3,0,*43/H,drurybr01
152,Mauricio Dubón,28,HOU,AL,51,218,207,35,62,13,1,2,14,5,0,8,28,.300,.326,.401,.727,101,83,8,1,0,2,0,*4/76H,dubonma01
153,Matt Duffy,32,KCR,AL,31,83,75,7,23,3,0,1,7,0,0,6,20,.307,.361,.387,.748,108,29,1,1,0,1,0,54/H3D,duffyma01
154,Ezequiel Duran,24,TEX,AL,46,167,155,24,48,10,0,7,25,3,2,8,37,.310,.359,.510,.869,138,79,2,4,0,0,1,6/7D4H59,duranez01
155,Jarren Duran*,26,BOS,AL,48,184,167,17,47,17,0,3,24,8,0,13,54,.281,.337,.437,.774,108,73,2,2,0,2,1,*8/H79,duranja01
156,Adam Duvall,34,BOS,AL,11,45,39,12,16,5,1,4,14,1,0,4,8,.410,.489,.897,1.386,265,35,0,2,0,0,0,8/DH,duvalad01
157,Nate Eaton,26,KCR,AL,26,55,52,2,3,0,0,0,1,2,0,2,21,.058,.109,.058,.167,-52,3,0,1,0,0,0,7/8H9D51,eatonna01
158,Tommy Edman#,28,STL,NL,63,230,208,31,50,12,2,6,22,9,1,16,35,.240,.298,.404,.702,92,84,4,2,2,2,1,648/9H,edmanto01
159,Xavier Edwards#,23,MIA,NL,9,22,21,4,8,1,0,0,2,1,0,0,4,.381,.381,.429,.810,123,9,1,0,1,0,0,/48H,edwarxa01
160,Drew Ellis,27,PHI,NL,8,22,18,4,4,0,0,2,3,0,1,4,5,.222,.364,.556,.919,150,10,0,0,0,0,0,/35H,ellisdr01
161,Adam Engel,31,SDP,NL,5,6,6,0,0,0,0,0,0,0,1,0,2,.000,.000,.000,.000,-100,0,0,0,0,0,0,/8H7,engelad01
162,Eduardo Escobar#,34,NYM,NL,36,109,100,12,24,3,1,4,14,1,0,7,20,.240,.287,.410,.697,93,41,3,0,1,1,0,5/4DH6,escobed01
163,Santiago Espinal,28,TOR,AL,30,98,89,11,19,3,0,1,8,2,1,6,12,.213,.278,.281,.559,60,25,3,2,1,0,0,4/5H6,espinsa01
164,Thairo Estrada,27,SFG,NL,53,235,219,34,65,15,1,9,24,14,3,11,56,.297,.345,.498,.842,129,109,3,5,0,0,0,46/7D,estrath01
165,Stuart Fairchild,27,CIN,NL,59,171,145,21,33,12,1,2,19,7,2,18,51,.228,.325,.366,.691,84,53,1,4,2,2,0,*789H/D,faircst01
166,Kyle Farmer,32,MIN,AL,39,130,119,20,31,2,0,3,14,1,0,8,35,.261,.315,.353,.668,87,42,2,2,0,1,0,546/H3,farmeky01
167,Caleb Ferguson,26,LAD,NL,1,0,0,0,0,0,0,0,0,0,0,0,0,,,,,,0,0,0,0,0,0,1,ferguca01
168,Freddy Fermin,28,KCR,AL,20,58,52,4,11,0,1,3,7,0,0,5,13,.212,.281,.423,.704,92,22,0,0,1,0,0,2/H,fermifr01
169,David Fletcher,29,LAA,AL,8,16,16,0,2,0,0,0,1,0,0,0,3,.125,.125,.125,.250,-30,2,0,0,0,0,0,/6H,fletcda02
170,Dominic Fletcher*,25,ARI,NL,22,85,78,10,24,5,1,2,13,0,2,5,17,.308,.349,.474,.824,125,37,0,0,2,0,1,89/7,fletcdo01
171,Wilmer Flores,31,SFG,NL,49,157,143,17,35,7,0,6,20,0,0,12,29,.245,.299,.420,.719,95,60,4,0,0,2,0,3HD/54,florewi01
172,Estevan Florial*,25,NYY,AL,1,0,0,0,0,0,0,0,0,0,0,0,0,,,,,,0,0,0,0,0,0,/8H,flories01
173,Mike Ford*,30,SEA,AL,6,19,17,3,3,0,0,2,2,0,0,1,6,.176,.263,.529,.793,119,9,0,1,0,0,0,/D1,fordmi01
174,Nick Fortes,26,MIA,NL,44,140,131,15,30,1,0,3,12,3,1,9,27,.229,.279,.305,.584,61,40,6,0,0,0,0,2/HD,forteni01
175,Jake Fraley*,28,CIN,NL,55,197,172,23,45,8,0,7,38,11,3,22,35,.262,.350,.430,.780,106,74,4,2,0,1,2,*79H/D,fraleja01
176,Ty France,28,SEA,AL,63,275,247,38,70,21,0,5,28,1,0,16,41,.283,.353,.429,.782,123,106,10,11,0,1,0,*3/H,francty01
177,Wander Franco#,22,TBR,AL,63,278,251,41,75,19,2,8,32,22,5,23,33,.299,.360,.486,.846,138,122,9,2,0,2,1,*6/DH,francwa01
178,Adam Frazier*,31,BAL,AL,63,230,207,32,48,11,1,7,28,6,3,19,26,.232,.298,.396,.694,93,82,1,1,2,1,0,*4/H9D,fraziad01
179,Clint Frazier,28,CHW,AL,17,41,34,6,8,0,1,0,1,3,0,7,10,.235,.366,.294,.660,86,10,0,0,0,0,0,9/H78,frazicl01
180,Freddie Freeman*,33,LAD,NL,66,303,263,57,89,24,1,13,44,8,1,32,47,.338,.413,.586,.998,166,154,4,4,0,4,6,*3,freemfr01
181,Tyler Freeman,24,CLE,AL,17,42,40,5,12,4,0,0,2,1,0,2,7,.300,.333,.400,.733,106,16,1,0,0,0,0,/4H5D6,freemty01
182,TJ Friedl*,27,CIN,NL,44,168,151,17,47,10,3,3,20,6,0,10,33,.311,.360,.477,.837,120,72,0,2,4,1,0,*87/H9,friedtj01
183,David Fry,27,CLE,AL,12,18,17,2,2,0,0,0,0,0,0,1,5,.118,.167,.118,.284,-17,2,2,0,0,0,0,/2H35D,fryda01
184,Cam Gallagher,30,CLE,AL,28,77,73,3,10,2,0,0,6,0,0,2,21,.137,.169,.164,.333,-5,12,1,1,0,1,0,2,gallaca01
185,Joey Gallo*,29,MIN,AL,46,165,138,21,26,5,1,11,23,0,0,25,62,.188,.321,.478,.799,120,66,1,2,0,0,1,37/9H8D,gallojo01
186,Adolis García,30,TEX,AL,63,268,238,48,63,11,0,15,54,5,0,23,67,.265,.328,.500,.828,126,119,5,2,0,5,0,*9/8DH,garciad02
187,Avisaíl García,32,MIA,NL,22,76,69,6,13,1,0,3,8,1,0,3,23,.188,.243,.333,.577,57,23,0,2,0,0,0,9/7DH,garciav01
188,Luis García*,23,WSN,NL,57,243,225,28,62,9,1,5,28,3,3,13,31,.276,.310,.391,.701,96,88,4,0,1,4,0,*4/H,garcilu04
189,Maikel Garcia,23,KCR,AL,32,125,110,11,29,8,0,1,13,5,0,11,33,.264,.328,.364,.692,92,40,2,1,0,3,0,5/64,garcima01
190,Kyle Garlick,31,MIN,AL,14,30,28,2,5,1,0,2,4,0,0,2,11,.179,.233,.429,.662,80,12,0,0,0,0,0,/9H7D,garliky01
191,Stone Garrett,27,WSN,NL,37,116,106,19,28,5,0,3,15,2,0,6,37,.264,.313,.396,.709,98,42,2,2,0,1,0,7/HD9,garrest01
192,Mitch Garver,32,TEX,AL,12,44,39,9,11,2,0,3,9,0,0,5,16,.282,.364,.564,.928,152,22,1,0,0,0,0,/D2H,garvemi01
193,Ian Gibaut,29,CIN,NL,1,0,0,0,0,0,0,0,0,0,0,0,0,,,,,,0,0,0,0,0,0,1,gibauia01
194,Logan Gillaspie,26,BAL,AL,1,0,0,0,0,0,0,0,0,0,0,0,0,,,,,,0,0,0,0,0,0,/1,gillalo01
195,Andrés Giménez*,24,CLE,AL,62,242,219,27,53,11,2,4,19,7,3,11,37,.242,.304,.365,.669,88,80,4,9,2,1,1,*4/H,gimenan01
196,Kevin Ginkel*,29,ARI,NL,1,0,0,0,0,0,0,0,0,0,0,0,0,,,,,,0,0,0,0,0,0,1,ginkeke01
197,Paul Goldschmidt,35,STL,NL,64,287,247,42,71,19,0,10,28,7,1,37,62,.287,.383,.486,.869,139,120,6,2,0,1,2,*3/D,goldspa01
198,Yan Gomes,35,CHC,NL,38,139,131,19,35,2,0,7,21,1,0,4,27,.267,.288,.443,.731,97,58,2,1,0,3,0,2/DH,gomesya01
199,Oscar Gonzalez,25,CLE,AL,25,75,73,5,14,2,1,1,5,0,0,2,15,.192,.213,.288,.501,40,21,0,0,0,0,0,9/HD,gonzaos01
200,Romy Gonzalez,26,CHW,AL,40,94,90,10,18,4,2,3,14,6,0,2,34,.200,.215,.389,.604,62,35,0,0,1,1,0,4/H97D658,gonzaro01
201,Victor González*,27,LAD,NL,2,0,0,0,0,0,0,0,0,0,0,0,0,,,,,,0,0,0,0,0,0,1,gonzavi02
202,Nick Gordon*,27,MIN,AL,34,93,91,13,16,5,1,2,7,0,0,1,11,.176,.185,.319,.503,37,29,1,0,1,0,0,874H/6,gordoni01
203,Nolan Gorman*,23,STL,NL,60,230,202,26,52,10,0,15,46,4,2,25,67,.257,.339,.530,.869,136,107,1,1,0,2,1,4D/5H,gormano01
204,Yasmani Grandal#,34,CHW,AL,53,192,175,15,46,10,0,5,17,0,0,15,39,.263,.328,.406,.734,102,71,4,2,0,0,0,2/DH3,grandya01
205,Brusdar Graterol,24,LAD,NL,1,0,0,0,0,0,0,0,0,0,0,0,0,,,,,,0,0,0,0,0,0,1,gratebr01
206,Jon Gray,31,TEX,AL,1,0,0,0,0,0,0,0,0,0,0,0,0,,,,,,0,0,0,0,0,0,1,grayjo02
207,Riley Greene*,22,DET,AL,52,224,203,29,60,9,3,5,18,6,0,21,64,.296,.362,.443,.805,124,90,4,0,0,0,0,*8/D,greenri03
208,Randal Grichuk,31,COL,NL,33,139,126,20,40,12,1,1,11,1,2,10,27,.317,.374,.452,.826,114,57,0,2,0,1,2,98/7DH,grichra01
209,Trent Grisham*,26,SDP,NL,61,231,196,24,38,15,0,6,16,3,3,33,67,.194,.313,.362,.675,91,71,4,1,0,0,0,*8/H,grishtr01
210,Vaughn Grissom,22,ATL,NL,19,70,65,5,18,2,0,0,7,0,1,2,13,.277,.314,.308,.622,69,20,1,2,0,1,0,6,grissva01
211,Robbie Grossman#,33,TEX,AL,54,216,189,34,45,8,0,7,32,0,0,21,56,.238,.315,.392,.706,95,74,4,2,0,4,0,7D9/H,grossro01
212,Vladimir Guerrero Jr.,24,TOR,AL,64,283,251,31,71,14,0,9,40,3,1,25,45,.283,.353,.446,.800,125,112,9,4,0,3,1,*3D/H,guerrvl02
213,Luis Guillorme*,28,NYM,NL,30,75,66,9,15,3,0,0,4,0,0,9,19,.227,.320,.273,.593,69,18,1,0,0,0,1,4/5H61,guilllu01
214,Lourdes Gurriel Jr.,29,ARI,NL,55,226,209,31,63,17,2,10,39,1,0,14,36,.301,.350,.545,.895,143,114,9,2,0,1,0,7D/H3,gurrilo01
215,Yuli Gurriel,39,MIA,NL,43,173,157,17,41,6,3,3,14,3,0,13,21,.261,.318,.395,.713,95,62,6,1,0,2,2,3/DH,gourryu01
216,Dalton Guthrie,27,PHI,NL,21,23,20,3,3,1,0,0,0,0,0,3,7,.150,.261,.200,.461,30,4,0,0,0,0,0,7/8H95,guthrda01
217,Eric Haase,30,DET,AL,49,174,159,12,33,6,0,2,14,3,1,14,48,.208,.270,.283,.553,56,45,4,0,0,1,1,27/HD,haaseer01
218,Sam Haggerty#,29,SEA,AL,24,48,42,6,8,2,0,0,2,4,1,6,11,.190,.292,.238,.530,55,10,0,0,0,0,0,H/43D78,haggesa01
219,Darick Hall*,27,PHI,NL,6,19,18,1,4,1,0,0,1,0,0,1,2,.222,.263,.278,.541,50,5,0,0,0,0,0,/3H,hallda02
220,Billy Hamilton,32,CHW,AL,3,2,2,2,0,0,0,0,0,2,0,0,1,.000,.000,.000,.000,-100,0,0,0,0,0,0,/H9,hamilbi02
221,Garrett Hampson,28,MIA,NL,46,124,111,14,27,9,0,1,9,3,0,9,32,.243,.311,.351,.663,83,39,1,2,2,0,0,896/4HD7,hampsga01
222,Mitch Haniger,32,SFG,NL,38,153,142,20,32,8,0,4,20,1,0,9,40,.225,.275,.366,.641,75,52,2,1,0,1,0,7/9HD,hanigmi01
223,Ian Happ#,28,CHC,NL,64,278,227,20,59,15,0,4,23,5,2,46,67,.260,.385,.379,.764,111,86,1,2,0,3,1,*7/D,happia01
224,Bryce Harper*,30,PHI,NL,34,148,124,23,37,9,0,3,12,4,1,22,34,.298,.399,.444,.842,133,55,5,0,0,2,3,D,harpebr03
225,Michael Harris II*,22,ATL,NL,43,158,142,15,27,6,0,3,11,5,0,12,38,.190,.266,.296,.562,52,42,4,3,0,1,0,8/H,harrimi04
226,Josh Harrison,35,PHI,NL,28,72,67,4,13,1,0,1,7,0,0,1,16,.194,.236,.254,.490,36,17,1,3,0,1,0,5H/741D,harrijo05
227,Adam Haseley*,27,CHW,AL,26,39,36,6,8,2,0,0,2,1,0,3,8,.222,.282,.278,.560,56,10,1,0,0,0,0,9/8H7D,haselad01
228,Ke'Bryan Hayes,26,PIT,NL,62,257,241,33,63,15,5,4,28,7,5,15,45,.261,.304,.415,.718,96,100,9,0,0,1,0,*5,hayeske01
229,Austin Hays,27,BAL,AL,59,233,216,32,65,16,2,7,28,2,0,14,56,.301,.339,.491,.830,130,106,4,0,0,3,0,*7/98HD,haysau01
230,Taylor Hearn*,28,TEX,AL,1,0,0,0,0,0,0,0,0,0,0,0,0,,,,,,0,0,0,0,0,0,/1,hearnta01
231,Austin Hedges,30,PIT,NL,38,125,109,9,19,5,0,0,11,1,0,8,25,.174,.235,.220,.455,27,24,4,1,6,1,0,2,hedgeau01
232,Jonah Heim#,28,TEX,AL,55,220,202,33,56,14,0,7,46,2,0,16,41,.277,.332,.450,.782,115,91,5,1,0,1,1,*2/DH,heimjo01
233,Tyler Heineman#,32,TOT,MLB,9,23,19,2,4,1,0,0,0,1,0,4,4,.211,.348,.263,.611,75,5,0,0,0,0,0,/2H,heinety01
234,Tyler Heineman#,32,PIT,NL,3,10,9,1,1,0,0,0,0,1,0,1,1,.111,.200,.111,.311,-11,1,0,0,0,0,0,/2,heinety01
235,Tyler Heineman#,32,TOR,AL,6,13,10,1,3,1,0,0,0,0,0,3,3,.300,.462,.400,.862,148,4,0,0,0,0,0,/2H,heinety01
236,Ryan Helsley,28,STL,NL,1,0,0,0,0,0,0,0,0,0,0,0,0,,,,,,0,0,0,0,0,0,1,helslry01
237,Gunnar Henderson*,22,BAL,AL,57,209,178,34,42,8,2,9,21,4,2,30,62,.236,.349,.455,.804,124,81,3,1,0,0,1,*56/HD,hendegu01
238,David Hensley,27,HOU,AL,26,86,77,12,10,1,0,1,3,1,0,9,32,.130,.221,.182,.403,14,14,0,0,0,0,0,/4DH375,henslda01
239,Enrique Hernández,31,BOS,AL,61,240,216,32,50,10,0,6,28,2,0,20,51,.231,.300,.361,.661,78,78,9,2,0,2,0,*6/48H,hernaen02
240,Teoscar Hernández,30,SEA,AL,64,264,246,25,61,7,2,11,35,3,2,12,86,.248,.292,.427,.718,102,105,2,4,0,2,0,*9D,hernate01
241,Yonny Hernández#,25,LAD,NL,1,1,1,0,0,0,0,0,0,0,0,0,0,.000,.000,.000,.000,-100,0,0,0,0,0,0,/H,hernayo02
242,Jose Herrera#,26,ARI,NL,21,68,55,11,14,4,0,0,6,1,0,8,19,.255,.344,.327,.671,88,18,2,0,4,1,0,2/1H,herrejo04
243,Jason Heyward*,33,LAD,NL,49,144,120,23,28,8,0,7,14,2,0,19,27,.233,.340,.475,.815,117,57,3,1,0,1,0,98H/D37,heywaja01
244,Aaron Hicks#,33,TOT,AL,38,112,98,17,23,4,1,2,9,1,0,14,25,.235,.330,.357,.688,93,35,0,0,0,0,0,78/HD,hicksaa01
245,Aaron Hicks#,33,NYY,AL,28,76,69,9,13,2,0,1,5,0,0,7,20,.188,.263,.261,.524,47,18,0,0,0,0,0,7/8HD,hicksaa01
246,Aaron Hicks#,33,BAL,AL,10,36,29,8,10,2,1,1,4,1,0,7,5,.345,.472,.586,1.058,196,17,0,0,0,0,0,8,hicksaa01
247,Kyle Higashioka,33,NYY,AL,37,103,96,10,22,6,0,3,17,0,0,7,32,.229,.282,.385,.667,84,37,1,0,0,0,0,2/DH,higasky01
248,Sam Hilliard*,29,ATL,NL,32,75,69,14,17,5,0,3,6,4,0,6,32,.246,.307,.449,.756,101,31,1,0,0,0,0,8H/7D9,hillisa01
249,Nico Hoerner,26,CHC,NL,57,258,238,32,67,9,1,4,29,14,2,17,29,.282,.333,.378,.711,95,90,4,2,0,1,0,*4/6DH,hoernni01
250,TJ Hopkins,26,CIN,NL,9,19,18,1,3,0,0,0,1,0,0,1,6,.167,.211,.167,.377,2,3,0,0,0,0,0,/7HD9,hopkitj01
251,Eric Hosmer*,33,CHC,NL,31,100,94,7,22,3,0,2,14,0,0,6,25,.234,.280,.330,.610,67,31,5,0,0,0,0,3D/H,hosmeer01
252,Sam Huff,25,TEX,AL,5,11,10,0,2,0,0,0,1,0,0,1,5,.200,.273,.200,.473,35,2,1,0,0,0,0,/D2H,huffsa01
253,Cooper Hummel#,28,SEA,AL,10,26,23,2,2,1,0,0,0,1,0,2,9,.087,.192,.130,.323,-5,3,1,1,0,0,0,/DH79,hummeco01
254,Tommy Hunter,36,NYM,NL,2,0,0,0,0,0,0,0,0,0,0,0,0,,,,,,0,0,0,0,0,0,1,hunteto02
255,Andy Ibáñez,30,DET,AL,35,104,100,10,18,6,1,2,8,0,0,3,20,.180,.212,.320,.532,46,32,3,1,0,0,0,45/HD379,ibanean01
256,Jonathan India,26,CIN,NL,66,292,251,52,69,16,0,7,32,12,2,28,51,.275,.360,.422,.782,107,106,6,8,0,5,0,*4/D,indiajo01
257,Kyle Isbel*,26,KCR,AL,26,96,91,8,19,8,1,1,9,2,1,4,19,.209,.250,.352,.602,65,32,1,1,0,0,0,8/H,isbelky01
258,Drey Jameson,25,ARI,NL,1,0,0,0,0,0,0,0,0,0,0,0,0,,,,,,0,0,0,0,0,0,/1,jamesdr01
259,Travis Jankowski*,32,TEX,AL,34,103,90,17,26,7,1,0,11,6,1,11,18,.289,.373,.389,.761,112,35,2,1,1,0,0,78/H9,jankotr01
260,Danny Jansen,28,TOR,AL,36,132,121,16,25,7,0,6,26,0,0,11,28,.207,.273,.413,.686,91,50,2,0,0,0,1,2/DH,janseda01
261,Kenley Jansen#,35,BOS,AL,1,0,0,0,0,0,0,0,0,0,0,0,0,,,,,,0,0,0,0,0,0,1,janseke01
262,Ryan Jeffers,26,MIN,AL,38,115,93,14,22,5,1,3,9,0,1,14,35,.237,.372,.409,.780,119,38,3,6,2,0,0,2/HD,jeffery01
263,Eloy Jiménez,26,CHW,AL,35,149,136,17,35,6,0,6,24,0,0,12,37,.257,.315,.434,.749,105,59,5,0,0,1,1,D9,jimenel02
264,Connor Joe,30,PIT,NL,56,204,179,29,45,14,3,6,21,3,4,21,56,.251,.343,.464,.807,120,83,1,4,0,0,0,937/H,joeco01
265,Bryce Johnson#,27,SFG,NL,25,44,40,6,7,1,0,1,3,1,0,3,14,.175,.227,.275,.502,38,11,0,0,0,1,0,8/H7,johnsbr03
266,Pierce Johnson,32,COL,NL,1,0,0,0,0,0,0,0,0,0,0,0,0,,,,,,0,0,0,0,0,0,1,johnspi01
267,Nolan Jones*,25,COL,NL,15,54,50,7,18,4,0,4,12,4,0,4,17,.360,.407,.680,1.087,176,34,0,0,0,0,1,/397H,jonesno01
268,Aaron Judge,31,NYY,AL,49,213,175,42,51,10,0,19,40,3,1,35,63,.291,.404,.674,1.078,193,118,3,0,0,3,4,98D,judgeaa01
269,Edouard Julien*,24,MIN,AL,21,81,69,10,17,4,0,4,8,1,0,9,28,.246,.338,.478,.816,125,33,1,1,1,1,0,4/DH,julieed01
270,Corey Julks,27,HOU,AL,49,179,172,22,45,8,0,5,22,10,3,6,50,.262,.285,.395,.680,86,68,0,0,0,1,0,7D/H9,julksco01
271,Josh Jung,25,TEX,AL,61,261,242,44,69,13,1,13,39,1,2,17,68,.285,.333,.508,.842,129,123,1,1,0,1,0,*5,jungjo01
272,Jarred Kelenic*,23,SEA,AL,61,246,223,28,59,16,1,11,29,7,3,21,80,.265,.329,.493,.823,131,110,4,1,0,1,2,*79/8DH,kelenja01
273,Tony Kemp*,31,OAK,AL,51,174,151,11,22,5,0,1,11,3,1,18,22,.146,.244,.199,.443,30,30,4,2,2,1,0,47/HD,kempto01
274,Max Kepler*,30,MIN,AL,41,157,141,20,27,5,0,7,18,0,1,11,35,.191,.261,.376,.637,76,53,2,3,0,2,0,9/H,keplema01
275,Grae Kessinger,25,HOU,AL,2,6,5,0,1,0,0,0,0,0,0,1,1,.200,.333,.200,.533,54,1,0,0,0,0,0,/56,kessigr01
276,Kevin Kiermaier*,33,TOR,AL,54,180,162,27,48,10,4,4,16,5,0,14,35,.296,.358,.481,.839,135,78,5,2,1,1,0,*8/HD,kiermke01
277,Ha-Seong Kim,27,SDP,NL,61,226,191,26,46,10,0,5,20,11,2,29,55,.241,.341,.372,.713,102,71,3,1,3,2,0,456/H,kimha01
278,Isiah Kiner-Falefa,28,NYY,AL,51,149,140,17,34,5,1,3,15,6,3,7,23,.243,.284,.357,.641,77,50,3,1,1,0,0,87/5H916,kineris01
279,John King*,28,TEX,AL,1,0,0,0,0,0,0,0,0,0,0,0,0,,,,,,0,0,0,0,0,0,/1,kingjo01
280,Alex Kirilloff*,25,MIN,AL,32,121,100,13,29,7,0,3,11,0,0,17,28,.290,.413,.450,.863,142,45,0,4,0,0,1,3/7HD9,kirilal01
281,Alejandro Kirk,24,TOR,AL,54,187,164,14,42,5,0,3,18,0,0,20,22,.256,.342,.341,.684,95,56,7,2,0,1,1,2HD,kirkal01
282,Andrew Knizner,28,STL,NL,28,89,85,12,19,5,0,5,12,1,0,3,25,.224,.250,.459,.709,91,39,1,0,1,0,0,2/H3D,kniznan01
283,Ryan Kreidler,25,DET,AL,11,18,18,2,2,0,0,0,0,0,0,0,7,.111,.111,.111,.222,-37,2,0,0,0,0,0,/456DH,kreidry01
284,Steven Kwan*,25,CLE,AL,65,298,259,43,67,16,1,2,20,11,1,34,37,.259,.343,.351,.695,97,91,6,1,1,3,2,*7/DH,kwanst01
285,Tommy La Stella*,34,SEA,AL,12,24,21,2,4,1,0,0,2,0,0,3,5,.190,.292,.238,.530,55,5,0,0,0,0,0,/DH,lasteto01
286,Jake Lamb*,32,LAA,AL,18,54,51,7,11,1,0,2,5,0,0,3,15,.216,.259,.353,.612,67,18,1,0,0,0,0,3/H1,lambja01
287,Shea Langeliers,25,OAK,AL,56,218,195,22,42,8,1,8,26,0,1,18,64,.215,.294,.390,.683,95,76,5,4,0,1,2,*2/DH,langesh01
288,Trevor Larnach*,26,MIN,AL,45,174,149,20,31,4,2,6,30,1,1,23,61,.208,.310,.383,.693,93,57,1,0,0,2,1,*79/H,larnatr01
289,Ramón Laureano,28,OAK,AL,49,197,181,20,41,9,3,5,17,7,0,12,56,.227,.289,.392,.682,95,71,3,4,0,0,0,*9/D8H,laurera01
290,DJ LeMahieu,34,NYY,AL,58,232,212,24,50,9,2,6,21,0,2,17,61,.236,.297,.382,.679,88,81,3,2,0,1,1,53/H4D,lemahdj01
291,Sandy León#,34,TEX,AL,19,43,40,4,6,2,0,0,4,0,0,1,19,.150,.190,.200,.390,9,8,2,1,1,0,0,2/1H,leonsa01
292,Josh Lester*,28,BAL,AL,5,15,15,0,4,0,0,0,4,0,0,0,4,.267,.267,.267,.533,51,4,0,0,0,0,0,/D35H9,lestejo02
293,Kyle Lewis,27,ARI,NL,6,18,18,1,3,1,0,1,2,0,0,0,9,.167,.167,.389,.556,47,7,0,0,0,0,0,/DH7,lewisky01
294,Royce Lewis,24,MIN,AL,10,41,41,4,13,1,0,2,9,0,0,0,12,.317,.317,.488,.805,121,20,1,0,0,0,0,/5D,lewisro02
295,Francisco Lindor#,29,NYM,NL,66,285,255,37,55,16,0,12,43,6,1,23,64,.216,.291,.420,.711,96,107,4,5,0,2,0,*6/D,lindofr01
296,Tim Locastro,30,NYM,NL,11,10,7,3,0,0,0,0,0,4,0,0,2,.000,.300,.000,.300,-5,0,0,3,0,0,0,/H7D9,locasti01
297,Evan Longoria,37,ARI,NL,34,112,103,16,23,6,0,8,15,0,0,8,35,.223,.277,.515,.791,113,53,3,0,0,1,0,5D/H,longoev01
298,Nicky Lopez*,28,KCR,AL,36,98,82,8,18,3,3,0,7,3,0,12,19,.220,.333,.329,.663,85,27,2,2,2,0,0,54/H6D,lopezni01
299,Brandon Lowe*,28,TBR,AL,50,201,176,26,36,5,1,9,29,3,0,24,63,.205,.299,.398,.696,96,70,4,0,0,1,0,*4/HD,lowebr01
300,Josh Lowe*,25,TBR,AL,55,202,188,30,56,14,0,11,39,14,2,13,47,.298,.342,.548,.889,148,103,1,0,0,1,0,*9/DH87,lowejo01
301,Nathaniel Lowe*,27,TEX,AL,64,289,254,44,69,17,1,7,37,0,0,32,63,.272,.353,.429,.782,116,109,4,1,0,2,1,*3,lowena01
302,Nathan Lukes*,28,TOR,AL,22,22,19,4,3,0,1,0,1,0,0,2,7,.158,.227,.263,.490,39,5,0,0,0,1,0,H9/D7,lukesna01
303,Jordan Luplow,29,TOR,AL,4,7,6,1,0,0,0,0,0,0,0,1,4,.000,.143,.000,.143,-54,0,0,0,0,0,0,/DH9,luplojo01
304,Manny Machado,30,SDP,NL,49,209,193,24,47,9,0,6,21,2,1,13,44,.244,.292,.383,.675,89,74,10,1,0,2,0,*5/D,machama01
305,Nick Madrigal,26,CHC,NL,37,109,102,14,24,3,1,0,9,2,2,5,11,.235,.284,.284,.569,57,29,3,2,0,0,0,5H4/D,madrini01
306,Drew Maggi,34,PIT,NL,3,6,6,1,2,1,0,0,1,0,0,0,1,.333,.333,.500,.833,126,3,0,0,0,0,0,/5HD,maggidr01
307,Luke Maile,32,CIN,NL,26,71,66,7,16,5,0,3,9,1,0,4,22,.242,.296,.455,.750,96,30,5,1,0,0,0,2/1D,mailelu01
308,Martín Maldonado,36,HOU,AL,47,166,145,11,27,4,0,3,8,0,0,14,52,.186,.272,.276,.547,53,40,8,3,4,0,0,*2,maldoma01
309,Trey Mancini,31,CHC,NL,53,194,174,21,41,7,0,4,20,0,0,16,55,.236,.302,.345,.647,77,60,3,1,0,1,1,3D/H9,mancitr01
310,Tucupita Marcano*,23,PIT,NL,47,135,123,13,32,11,1,3,11,4,0,6,18,.260,.311,.439,.750,104,54,2,3,3,0,0,64/H5D,marcatu01
311,Manuel Margot,28,TBR,AL,52,174,154,21,38,6,1,2,18,7,2,15,28,.247,.322,.338,.660,89,52,4,3,0,2,0,*89/H,margoma01
312,Jake Marisnick,32,TOT,AL,19,31,29,3,6,1,0,0,2,0,1,2,10,.207,.258,.241,.499,41,7,1,0,0,0,0,8/9HD,marisja01
313,Jake Marisnick,32,CHW,AL,9,2,2,1,0,0,0,0,0,0,0,0,1,.000,.000,.000,.000,-100,0,0,0,0,0,0,/98DH,marisja01
314,Jake Marisnick,32,DET,AL,10,29,27,2,6,1,0,0,2,0,1,2,9,.222,.276,.259,.535,51,7,1,0,0,0,0,8/H,marisja01
315,Brandon Marsh*,25,PHI,NL,61,218,186,25,49,9,4,5,26,4,0,27,73,.263,.355,.435,.790,118,81,1,1,1,3,2,*8/HD,marshbr02
316,Ketel Marte#,29,ARI,NL,61,269,238,42,65,11,4,9,26,6,1,24,43,.273,.346,.466,.812,122,111,6,4,0,3,0,*4/8DH,marteke01
317,Starling Marte,34,NYM,NL,60,233,213,26,55,5,1,3,18,18,3,13,43,.258,.316,.333,.649,83,71,3,5,2,0,0,*9/H8,martest01
318,J.D. Martinez,35,LAD,NL,50,215,197,31,53,17,2,16,47,0,0,11,62,.269,.307,.619,.926,141,122,5,2,0,5,0,*D/7,martijd02
319,Michael Massey*,25,KCR,AL,57,192,175,15,38,4,0,4,18,3,1,11,56,.217,.271,.309,.579,61,54,0,3,0,3,0,*4/HD,massemi02
320,Miles Mastrobuoni*,27,CHC,NL,25,64,56,2,9,2,0,0,1,5,0,8,17,.161,.266,.196,.462,30,11,1,0,0,0,0,/H59D4671,mastrmi01
321,Jorge Mateo,28,BAL,AL,57,199,181,33,41,8,0,6,25,18,3,10,46,.227,.267,.370,.637,77,67,4,1,3,3,0,*6/HD,mateojo01
322,Mark Mathias,28,PIT,NL,19,55,47,5,12,2,0,0,4,3,0,8,10,.255,.364,.298,.662,86,14,3,0,0,0,0,4/HD9,mathima01
323,Nick Maton*,26,DET,AL,59,199,168,18,28,7,0,6,23,0,1,28,52,.167,.291,.315,.607,70,53,2,2,0,1,1,54HD/6,matonni01
324,Tim Mayza*,31,TOR,AL,1,0,0,0,0,0,0,0,0,0,0,0,0,,,,,,0,0,0,0,0,0,1,mayzati01
325,James McCann,33,BAL,AL,29,94,87,9,16,5,0,3,7,1,0,3,18,.184,.226,.345,.571,57,30,3,2,1,1,0,2/DH3,mccanja02
326,Jake McCarthy*,25,ARI,NL,36,119,105,12,20,2,1,1,7,12,3,10,20,.190,.271,.257,.528,48,27,4,2,1,1,0,9/8HD,mccarja02
327,Chas McCormick,28,HOU,AL,32,125,110,14,25,7,0,5,16,4,0,11,33,.227,.315,.427,.742,104,47,1,3,1,0,0,8/79DH,mccorch01
328,Andrew McCutchen,36,PIT,NL,57,239,196,31,52,7,0,8,23,7,2,38,48,.265,.381,.423,.804,122,83,3,1,0,4,1,*D/9H,mccutan01
329,Scott McGough,33,ARI,NL,1,0,0,0,0,0,0,0,0,0,0,0,0,,,,,,0,0,0,0,0,0,1,mcgousc01
330,Reese McGuire*,28,BOS,AL,37,106,97,11,27,9,0,0,10,0,0,6,30,.278,.320,.371,.692,87,36,1,0,2,0,0,2H,mcguire01
331,Ryan McKenna,26,BAL,AL,51,76,70,13,16,5,0,1,8,1,0,3,23,.229,.276,.343,.619,73,24,3,2,0,1,0,*9H87/D1,mckenry01
332,Billy McKinney*,28,NYY,AL,5,17,17,3,5,2,1,1,1,0,0,0,2,.294,.294,.706,1.000,167,12,0,0,0,0,0,/78,mckinbi01
333,Zach McKinstry*,28,DET,AL,56,197,166,27,42,7,1,5,12,10,1,25,36,.253,.354,.398,.751,110,66,1,2,2,2,0,495H/761,mckinza01
334,Matt McLain,23,CIN,NL,25,119,110,21,37,8,3,2,10,2,2,8,32,.336,.387,.518,.905,138,57,1,1,0,0,0,6/4D,mclaima01
335,Ryan McMahon*,28,COL,NL,65,266,238,35,62,18,2,10,37,4,3,26,85,.261,.335,.479,.814,108,114,7,1,0,1,0,*54/H,mcmahry01
336,Jeff McNeil*,31,NYM,NL,66,269,237,30,65,8,1,3,18,3,0,23,24,.274,.351,.354,.705,99,84,4,6,1,2,0,*479/H6,mcneije01
337,Austin Meadows*,28,DET,AL,6,21,21,0,5,1,0,0,2,0,0,0,3,.238,.238,.286,.524,46,6,0,0,0,0,0,/7H9,meadoau01
338,Francisco Mejía#,27,TBR,AL,31,108,100,17,24,8,0,2,10,0,0,6,26,.240,.278,.380,.658,85,38,1,0,0,2,0,2,mejiafr01
339,MJ Melendez*,24,KCR,AL,60,247,218,27,47,12,2,5,25,2,2,26,75,.216,.300,.358,.657,82,78,3,1,0,2,0,*92/DH,melenmj01
340,Joey Meneses,31,WSN,NL,61,268,251,27,77,15,1,2,32,0,0,17,48,.307,.351,.398,.749,111,100,7,0,0,0,0,*D/39,menesjo01
341,Óscar Mercado,28,STL,NL,15,30,29,3,9,3,0,0,5,2,1,1,4,.310,.333,.414,.747,105,12,0,0,0,0,0,/978DH,mercaos01
342,Whit Merrifield,34,TOR,AL,60,240,217,29,65,13,0,2,25,17,3,18,39,.300,.358,.387,.745,112,84,7,3,0,2,0,47/9H,merriwh01
343,Matt Mervis*,25,CHC,NL,25,93,85,8,14,2,0,3,10,0,0,7,31,.165,.237,.294,.531,45,25,1,1,0,0,0,3/H,mervima01
344,Jake Meyers,27,HOU,AL,53,183,165,21,41,9,1,6,21,2,1,14,51,.248,.322,.424,.747,105,70,2,4,0,0,0,*8/H,meyerja02
345,Brad Miller*,33,TEX,AL,22,56,48,5,10,3,0,1,6,0,0,7,9,.208,.304,.333,.637,77,16,1,0,0,1,0,D/3H5,millebr02
346,Owen Miller,26,MIL,NL,51,179,168,21,53,11,0,4,19,9,2,8,30,.315,.352,.452,.804,121,76,3,2,0,1,0,45/73H9D,milleow01
347,Shelby Miller,32,LAD,NL,1,1,1,0,0,0,0,0,0,0,0,0,0,.000,.000,.000,.000,-100,0,0,0,0,0,0,1,millesh01
348,Jose Miranda,25,MIN,AL,35,142,132,12,29,4,0,3,13,0,0,9,23,.220,.275,.318,.593,66,42,7,1,0,0,0,5/D3H,miranjo01
349,Garrett Mitchell*,24,MIL,NL,16,62,58,9,15,1,1,3,6,1,0,4,24,.259,.306,.466,.772,110,27,0,0,0,0,0,8/H,mitchga01
350,Andruw Monasterio,26,MIL,NL,12,36,33,6,9,2,0,1,4,2,0,3,7,.273,.333,.424,.758,108,14,0,0,0,0,0,4/6H,monasan01
351,Yoán Moncada#,28,CHW,AL,37,143,134,17,31,8,1,3,13,1,0,7,39,.231,.280,.373,.653,79,50,2,2,0,0,0,5/H,moncayo01
352,Mickey Moniak*,25,LAA,AL,18,66,63,10,19,6,1,5,12,2,0,2,22,.302,.333,.667,1.000,167,42,0,1,0,0,0,/798H,moniami01
353,Elehuris Montero,24,COL,NL,23,74,71,8,15,3,1,1,9,0,0,2,30,.211,.243,.324,.567,46,23,0,1,0,0,0,5/DH3,monteel01
354,Coco Montes,26,COL,NL,1,3,3,1,2,0,0,1,2,0,0,0,1,.667,.667,1.667,2.333,478,5,0,0,0,0,0,/4,monteco01
355,Dylan Moore,30,SEA,AL,2,7,5,1,0,0,0,0,0,0,0,2,3,.000,.286,.000,.286,-8,0,0,0,0,0,0,/45,mooredy01
356,Jovani Moran*,26,MIN,AL,1,0,0,0,0,0,0,0,0,0,0,0,0,,,,,,0,0,0,0,0,0,1,moranjo01
357,Christopher Morel,24,CHC,NL,25,98,89,20,23,3,0,10,18,1,1,9,31,.258,.327,.629,.956,154,56,1,0,0,0,0,/D8497H,morelch01
358,Gabriel Moreno,23,ARI,NL,52,179,164,12,46,8,0,2,23,3,0,11,36,.280,.318,.366,.684,89,60,8,0,0,4,0,*2/H,morenga01
359,Taylor Motter,33,STL,NL,8,22,20,0,4,2,0,0,1,0,0,2,8,.200,.273,.300,.573,59,6,0,0,0,0,0,/45H,motteta01
360,Ryan Mountcastle,26,BAL,AL,60,261,242,34,55,12,1,11,39,2,0,12,64,.227,.264,.421,.686,89,102,7,2,0,5,0,*3/DH,mountry01
361,Mike Moustakas*,34,COL,NL,39,112,95,18,24,6,0,3,15,0,0,14,28,.253,.339,.411,.750,94,39,0,0,0,3,1,3H/5D,moustmi01
362,Cedric Mullins*,28,BAL,AL,53,224,194,26,51,12,3,8,39,13,2,28,41,.263,.356,.479,.835,132,93,3,0,2,0,0,*8/H,mullice01
363,Max Muncy*,32,LAD,NL,60,251,209,39,40,5,0,18,45,1,2,39,70,.191,.323,.474,.796,111,99,4,2,0,1,3,*5/DH,muncyma01
364,Penn Murfee,29,SEA,AL,1,0,0,0,0,0,0,0,0,0,0,0,0,,,,,,0,0,0,0,0,0,1,murfepe01
365,Sean Murphy,28,ATL,NL,53,219,188,31,54,13,0,12,42,0,0,24,50,.287,.388,.548,.936,149,103,7,7,0,0,0,*2/DH,murphse01
366,Tom Murphy,32,SEA,AL,23,74,69,5,15,7,0,1,3,0,0,5,25,.217,.270,.362,.633,79,25,1,0,0,0,0,2/D,murphto04
367,Wil Myers,32,CIN,NL,37,141,127,11,24,3,0,3,12,2,1,12,48,.189,.257,.283,.541,44,36,3,0,1,1,0,93/DH,myerswi01
368,Omar Narváez*,31,NYM,NL,9,28,25,3,6,0,0,0,2,0,0,2,5,.240,.286,.240,.526,50,6,0,0,0,1,0,/2H,narvaom01
369,Bo Naylor*,23,CLE,AL,1,2,2,0,0,0,0,0,0,0,0,0,0,.000,.000,.000,.000,-100,0,0,0,0,0,0,/2H,naylobo01
370,Josh Naylor*,26,CLE,AL,57,224,202,23,57,12,0,8,48,4,1,16,35,.282,.330,.460,.791,120,93,6,1,0,5,4,3D/H9,naylojo01
371,Zach Neto,22,LAA,AL,52,190,166,22,42,10,0,5,20,5,0,11,36,.253,.337,.404,.740,104,67,4,11,0,2,0,*6/H,netoza01
372,Tyler Nevin,26,DET,AL,16,44,39,2,5,0,0,1,4,0,0,3,10,.128,.205,.205,.410,16,8,1,1,0,1,0,/5D7H39,nevinty01
373,Kevin Newman,29,CIN,NL,48,178,159,17,43,10,0,2,20,4,1,14,22,.270,.331,.371,.703,87,59,4,2,0,3,0,654/HD3,newmake01
374,Tomás Nido,29,NYM,NL,22,61,56,5,7,0,0,0,1,0,0,2,18,.125,.153,.125,.278,-21,7,2,0,2,1,0,2/H,nidoto01
375,Brandon Nimmo*,30,NYM,NL,64,290,248,36,70,10,4,5,26,3,1,33,64,.282,.374,.415,.789,121,103,1,5,1,3,0,*8/DH,nimmobr01
376,Ryan Noda*,27,OAK,AL,62,227,177,34,44,13,1,7,24,2,1,45,72,.249,.410,.452,.862,149,80,1,4,0,1,1,*3H/D9,nodary01
377,Austin Nola,33,SDP,NL,44,132,111,7,15,2,0,1,7,0,0,17,30,.135,.256,.180,.436,27,20,2,1,3,0,0,*2/H,nolaau01
378,Lars Nootbaar*,25,STL,NL,42,184,154,25,41,7,0,4,21,5,1,29,38,.266,.380,.390,.770,114,60,1,0,0,1,2,89/7H,nootbla01
379,Ryan O'Hearn*,29,BAL,AL,24,71,64,10,21,6,0,4,17,0,0,6,17,.328,.380,.609,.990,172,39,0,0,0,1,0,/3DH97,ohearry01
380,Logan O'Hoppe,23,LAA,AL,16,59,53,5,15,2,0,4,13,0,0,4,15,.283,.339,.547,.886,140,29,2,1,0,1,0,2,ohopplo01
381,Tyler O'Neill,28,STL,NL,29,99,92,12,21,4,0,2,6,1,0,7,34,.228,.283,.337,.620,71,31,2,0,0,0,0,78/H,oneilty01
382,Rougned Odor*,29,SDP,NL,36,108,96,16,21,7,0,4,17,2,1,11,21,.219,.306,.417,.722,102,40,1,1,0,0,0,4/9H5D,odorro01
383,Shohei Ohtani*,28,LAA,AL,65,289,254,40,73,12,3,18,46,9,3,28,64,.287,.359,.571,.930,152,145,6,1,0,1,2,*D1,ohtansh01
384,Chris Okey,28,LAA,AL,2,2,2,0,0,0,0,0,0,0,0,0,2,.000,.000,.000,.000,-100,0,0,0,0,0,0,/2,okeych01
385,Edward Olivares,27,KCR,AL,49,178,162,25,40,9,4,5,12,5,2,11,30,.247,.315,.444,.759,108,72,3,5,0,0,1,7/DH89,olivaed02
386,Matt Olson*,29,ATL,NL,65,293,246,46,56,10,1,18,45,1,0,44,87,.228,.348,.496,.844,125,122,5,2,0,1,2,*3,olsonma02
387,Joey Ortiz,24,BAL,AL,11,28,27,4,7,1,0,0,4,0,0,0,7,.259,.250,.296,.546,53,8,1,0,0,1,0,/456H,ortizjo06
388,James Outman*,26,LAD,NL,61,220,189,33,44,9,3,9,30,7,1,23,77,.233,.332,.455,.787,110,86,0,6,0,2,1,*87/H9D,outmaja01
389,Chris Owings,31,PIT,NL,10,25,25,0,4,0,0,0,0,0,0,0,12,.160,.160,.160,.320,-11,4,1,0,0,0,0,6/81,owingch01
390,Marcell Ozuna,32,ATL,NL,50,198,178,25,43,6,0,13,29,0,0,20,45,.242,.318,.494,.813,115,88,4,0,0,0,1,*D/7H,ozunama01
391,Cristian Pache,24,PHI,NL,18,26,25,2,9,3,0,1,4,0,0,0,6,.360,.360,.600,.960,159,15,1,0,1,0,0,7/8H,pachecr01
392,Josh Palacios*,27,PIT,NL,17,45,41,3,11,1,1,1,7,1,0,3,7,.268,.333,.415,.748,105,17,2,1,0,0,0,9/7HD,palacjo01
393,Isaac Paredes,24,TBR,AL,59,221,196,31,51,11,0,11,45,0,0,17,41,.260,.344,.485,.829,133,95,3,8,0,0,0,*53/H4,paredis01
394,Vinnie Pasquantino*,25,KCR,AL,61,260,231,24,57,17,0,9,26,0,0,25,31,.247,.324,.437,.762,109,101,7,2,0,1,2,*3D/H,pasquvi01
395,Joc Pederson*,31,SFG,NL,32,123,103,18,29,4,1,7,24,0,0,17,26,.282,.390,.544,.934,154,56,3,2,0,1,1,D/H,pederjo01
396,Jeremy Peña,25,HOU,AL,63,268,246,36,62,16,1,8,26,6,6,13,61,.252,.307,.423,.730,100,104,1,7,0,1,0,*6,penaje02
397,David Peralta*,35,LAD,NL,52,158,149,12,39,7,1,3,23,1,1,7,26,.262,.291,.383,.674,80,57,1,0,0,2,0,*7/HD9,peralda01
398,Oswald Peraza,23,NYY,AL,12,38,32,4,6,1,0,0,3,2,1,3,6,.188,.316,.219,.535,53,7,1,3,0,0,0,/54HD6,perazos02
399,Geraldo Perdomo#,23,ARI,NL,50,173,144,27,42,9,1,5,29,6,2,22,31,.292,.396,.472,.869,139,68,1,3,4,0,1,6/4H5,perdoge01
400,Carlos Pérez,32,OAK,AL,33,102,90,10,22,2,0,3,11,0,0,9,22,.244,.314,.367,.680,96,33,1,1,0,2,0,2/DH317,perezca02
401,Carlos Pérez,26,CHW,AL,3,4,4,0,1,0,0,0,0,0,0,0,1,.250,.250,.250,.500,39,1,1,0,0,0,0,/DH,perezca03
402,Cionel Pérez,27,BAL,AL,2,0,0,0,0,0,0,0,0,0,0,0,0,,,,,,0,0,0,0,0,0,1,perezci01
403,Michael Perez*,30,NYM,NL,2,7,7,1,4,1,0,0,0,0,0,0,1,.571,.571,.714,1.286,258,5,0,0,0,0,0,/2,perezmi03
404,Roberto Pérez,34,SFG,NL,5,17,15,0,2,0,0,0,1,0,0,2,6,.133,.235,.133,.369,6,2,0,0,0,0,0,/2,perezro02
405,Salvador Perez,33,KCR,AL,59,247,231,30,63,14,0,13,36,0,0,8,54,.273,.308,.502,.810,120,116,6,5,0,3,3,*2D/3,perezsa02
406,Blake Perkins#,26,MIL,NL,18,34,30,5,6,1,0,1,7,1,1,2,8,.200,.250,.333,.583,60,10,0,0,2,0,0,9/H78D,perkibl01
407,Jace Peterson*,33,OAK,AL,57,202,175,20,39,3,1,5,20,8,1,24,50,.223,.322,.337,.659,91,59,5,2,0,1,1,*54/HD71,peterja01
408,Tommy Pham,35,NYM,NL,45,132,114,13,28,8,1,6,22,6,1,15,31,.246,.326,.491,.817,125,56,1,0,0,3,1,7DH/8,phamth01
409,Brett Phillips*,29,LAA,AL,19,16,13,3,1,0,0,0,2,3,0,3,8,.077,.250,.077,.327,-3,1,0,0,0,0,0,/H87D19,phillbr02
410,Kevin Pillar,34,ATL,NL,34,93,88,14,24,5,0,6,14,3,0,4,22,.273,.301,.534,.835,119,47,0,0,0,1,0,7H/89,pillake01
411,Nick Pivetta,30,BOS,AL,1,0,0,0,0,0,0,0,0,0,0,0,0,,,,,,0,0,0,0,0,0,1,pivetni01
412,Jorge Polanco#,29,MIN,AL,30,127,120,11,30,9,0,5,16,1,0,7,29,.250,.291,.450,.741,104,54,1,0,0,0,0,4/D,polanjo01
413,AJ Pollock,35,SEA,AL,36,109,98,13,17,3,0,4,13,0,1,9,23,.173,.239,.327,.565,60,32,1,0,0,2,0,D7/H,polloaj01
414,Nick Pratto*,24,KCR,AL,40,160,139,19,40,9,0,4,17,1,1,17,57,.288,.375,.439,.814,125,61,1,3,0,1,0,37/9H,prattni01
415,Jurickson Profar#,30,COL,NL,59,262,229,27,55,14,2,5,25,0,0,28,47,.240,.322,.384,.706,83,88,8,1,0,3,0,*7/DH,profaju01
416,Cole Ragans*,25,TEX,AL,1,0,0,0,0,0,0,0,0,0,0,0,0,,,,,,0,0,0,0,0,0,1,raganco01
417,Cal Raleigh#,26,SEA,AL,55,213,191,27,40,10,1,8,26,0,0,22,56,.209,.291,.398,.689,95,76,1,0,0,0,1,*2/DH,raleica01
418,Luke Raley*,28,TBR,AL,50,165,144,29,37,10,2,11,26,7,1,12,51,.257,.345,.583,.929,158,84,1,8,0,1,0,397/HD1,raleylu01
419,Harold Ramírez,28,TBR,AL,51,194,180,28,55,9,1,9,30,4,1,12,39,.306,.351,.517,.867,143,93,1,1,0,1,0,D/7H39,ramirha02
420,José Ramírez#,30,CLE,AL,61,273,241,37,67,18,2,10,38,5,3,28,24,.278,.348,.494,.842,134,119,5,0,0,4,11,*5/D,ramirjo01
421,Heliot Ramos,23,SFG,NL,9,27,26,1,5,2,0,0,1,0,0,1,8,.192,.222,.269,.491,35,7,1,0,0,0,0,/798H,ramoshe02
422,Henry Ramos#,31,CIN,NL,18,73,62,8,15,2,1,0,4,2,1,10,15,.242,.356,.306,.663,79,19,2,1,0,0,0,/9D7,ramoshe01
423,J.T. Realmuto,32,PHI,NL,58,225,207,20,50,16,3,5,21,9,3,11,53,.242,.289,.420,.709,93,87,4,4,0,3,0,*2/H,realmjt01
424,Rob Refsnyder,32,BOS,AL,39,111,89,13,25,5,0,1,18,3,0,18,23,.281,.423,.371,.794,119,33,4,4,0,0,0,7H/8D9,refsnro01
425,Anthony Rendon,33,LAA,AL,34,145,116,21,32,5,0,1,20,2,0,20,17,.276,.393,.345,.738,107,40,3,5,0,4,0,5,rendoan01
426,Hunter Renfroe,31,LAA,AL,60,254,234,32,58,13,0,11,31,0,0,18,54,.248,.299,.444,.744,102,104,9,0,0,2,0,*9/H,renfrhu01
427,Luis Rengifo#,26,LAA,AL,55,178,158,25,35,4,0,4,20,5,2,17,33,.222,.303,.323,.626,74,51,3,2,0,1,0,4/5H6798,rengilu01
428,Franmil Reyes,27,KCR,AL,19,65,59,5,11,0,0,2,7,0,0,4,24,.186,.231,.288,.519,43,17,3,0,0,2,0,D/7H9,reyesfr01
429,Pablo Reyes,29,BOS,AL,19,52,48,4,13,3,0,0,6,1,1,3,7,.271,.314,.333,.647,76,16,0,0,1,0,0,4/6H51,reyespa01
430,Bryan Reynolds#,28,PIT,NL,61,265,232,34,65,18,3,7,38,8,0,25,48,.280,.351,.474,.825,125,110,8,3,0,5,0,*7/8DH,reynobr01
431,Matt Reynolds,32,CIN,NL,2,5,5,1,1,0,0,0,0,0,0,0,3,.200,.200,.200,.400,7,1,0,0,0,0,0,/53,reynoma03
432,Austin Riley,26,ATL,NL,65,284,252,39,68,13,0,11,33,1,0,24,72,.270,.335,.452,.787,110,114,11,3,0,5,1,*5,rileyau01
433,Edwin Rios*,29,CHC,NL,18,34,28,3,2,1,0,1,2,0,0,5,16,.071,.235,.214,.450,25,6,0,1,0,0,0,D/H5,riosed01
434,Alfonso Rivas*,26,SDP,NL,4,8,7,1,2,1,0,0,1,0,0,1,2,.286,.375,.429,.804,127,3,0,0,0,0,0,/3H,rivasal01
435,Emmanuel Rivera,27,ARI,NL,32,110,104,21,37,9,0,1,15,1,0,6,14,.356,.391,.471,.862,138,49,4,0,0,0,0,5/DH3,riverem01
436,Anthony Rizzo*,33,NYY,AL,61,262,234,32,63,8,0,11,32,0,3,21,60,.269,.344,.444,.788,118,104,6,6,0,1,0,*3/D,rizzoan01
437,Luis Robert Jr.,25,CHW,AL,64,266,242,42,64,18,0,15,34,3,1,13,77,.264,.318,.525,.843,128,127,3,6,0,0,3,*8/H,roberlu01
438,Victor Robles,26,WSN,NL,31,107,89,13,26,4,1,0,8,8,1,10,14,.292,.388,.360,.748,113,32,3,4,4,0,0,8,roblevi01
439,Brayan Rocchio#,22,CLE,AL,4,14,14,0,3,0,0,0,1,0,0,0,1,.214,.214,.214,.429,22,3,2,0,0,0,0,/56H,rocchbr01
440,Julio Rodríguez,22,SEA,AL,62,279,257,39,63,12,1,12,36,12,4,18,78,.245,.305,.440,.744,110,113,8,4,0,0,0,*8/D,rodriju01
441,Jake Rogers,28,DET,AL,40,124,108,12,18,4,0,8,18,0,1,14,46,.167,.266,.426,.692,90,46,1,1,0,1,0,2/HD,rogerja03
442,Josh Rojas*,29,ARI,NL,51,193,169,22,41,12,0,0,26,6,0,16,45,.243,.305,.314,.619,72,53,0,1,1,4,0,5/H4D7,rojasjo01
443,Miguel Rojas,34,LAD,NL,41,140,132,12,28,5,0,0,6,3,1,6,17,.212,.243,.250,.493,34,33,2,0,0,2,0,6/HD,rojasmi02
444,Brent Rooker,28,OAK,AL,57,228,195,29,51,10,0,13,37,1,0,27,61,.262,.360,.513,.872,148,100,7,4,0,2,1,D7/H9,rookebr01
445,Ben Rortvedt*,25,NYY,AL,5,9,7,2,2,1,0,0,0,0,0,2,2,.286,.444,.429,.873,146,3,0,0,0,0,0,/2,rortvbe01
446,Amed Rosario,27,CLE,AL,58,252,233,29,55,11,4,1,17,8,0,16,54,.236,.286,.330,.616,74,77,8,1,0,2,0,*6/HD,rosaram01
447,Eddie Rosario*,31,ATL,NL,56,206,198,24,50,11,2,8,26,1,3,7,53,.253,.277,.449,.726,92,89,5,0,0,1,1,*7/DH,rosared01
448,Darin Ruf,36,TOT,NL,20,57,49,3,11,3,0,0,3,0,0,8,16,.224,.333,.286,.619,74,14,0,0,0,0,0,D/H3,rufda01
449,Darin Ruf,36,SFG,NL,9,27,23,1,6,2,0,0,3,0,0,4,9,.261,.370,.348,.718,100,8,0,0,0,0,0,/DH,rufda01
450,Darin Ruf,36,MIL,NL,11,30,26,2,5,1,0,0,0,0,0,4,7,.192,.300,.231,.531,50,6,0,0,0,0,0,/D3H,rufda01
451,Esteury Ruiz,24,OAK,AL,65,288,259,28,68,15,1,1,28,31,6,11,49,.263,.323,.340,.662,92,88,2,12,3,0,0,*8/DH,ruizes01
452,José Ruiz,28,TOT,MLB,1,0,0,0,0,0,0,0,0,0,0,0,0,,,,,,0,0,0,0,0,0,1,ruizjo01
453,José Ruiz,28,ARI,NL,1,0,0,0,0,0,0,0,0,0,0,0,0,,,,,,0,0,0,0,0,0,1,ruizjo01
454,Keibert Ruiz#,24,WSN,NL,52,217,196,18,46,8,0,7,25,0,0,15,17,.235,.304,.383,.687,92,75,10,5,0,1,0,*2/H,ruizke01
455,Adley Rutschman#,25,BAL,AL,63,282,234,32,64,8,0,8,28,0,1,46,40,.274,.390,.410,.800,126,96,5,0,0,2,5,*2D/H,rutscad01
456,Blake Sabol*,25,SFG,NL,48,169,153,18,38,5,0,7,20,2,0,13,57,.248,.320,.418,.738,101,64,2,3,0,0,0,27/DH,sabolbl01
457,César Salazar*,27,HOU,AL,12,18,17,1,2,0,0,0,0,0,0,1,6,.118,.167,.118,.284,-19,2,0,0,0,0,0,/2H,salazce01
458,Gary Sánchez,30,TOT,NL,15,53,49,8,12,2,0,5,13,0,0,3,17,.245,.283,.592,.875,138,29,0,0,0,1,0,2/DH,sanchga02
459,Gary Sánchez,30,NYM,NL,3,7,6,0,1,0,0,0,1,0,0,0,3,.167,.143,.167,.310,-13,1,0,0,0,1,0,/2,sanchga02
460,Gary Sánchez,30,SDP,NL,12,46,43,8,11,2,0,5,12,0,0,3,14,.256,.304,.651,.956,160,28,0,0,0,0,0,/2DH,sanchga02
461,Jesús Sánchez*,25,MIA,NL,41,122,109,14,30,9,0,6,18,3,0,12,34,.275,.352,.523,.875,137,57,5,1,0,0,0,9/H78D,sanchje02
462,Cole Sands,25,MIN,AL,1,0,0,0,0,0,0,0,0,0,0,0,0,,,,,,0,0,0,0,0,0,/1,sandsco01
463,Carlos Santana#,37,PIT,NL,57,239,207,25,47,15,0,4,28,5,0,30,43,.227,.322,.357,.680,87,74,2,0,0,2,0,*3/D,santaca01
464,Anthony Santander#,28,BAL,AL,61,261,231,29,60,19,1,9,36,1,0,25,63,.260,.333,.468,.801,122,108,5,2,0,3,0,9D/37H,santaan02
465,Tayler Saucedo*,30,SEA,AL,1,0,0,0,0,0,0,0,0,0,0,0,0,,,,,,0,0,0,0,0,0,1,sauceta01
466,Josh Sborz,29,TEX,AL,1,1,1,0,0,0,0,0,0,0,0,0,1,.000,.000,.000,.000,-100,0,0,0,0,0,0,1,sborzjo01
467,Casey Schmitt,24,SFG,NL,29,111,108,14,31,9,0,2,18,2,1,1,22,.287,.297,.426,.723,96,46,2,1,0,1,0,6/54H,schmica01
468,Jonathan Schoop,31,DET,AL,40,106,95,8,18,5,0,0,2,0,0,11,27,.189,.274,.242,.516,47,23,3,0,0,0,0,4H5/D6,schoojo01
469,John Schreiber,29,BOS,AL,1,0,0,0,0,0,0,0,0,0,0,0,0,,,,,,0,0,0,0,0,0,1,schrejo01
470,Kyle Schwarber*,30,PHI,NL,65,279,228,37,39,6,1,17,35,0,1,48,79,.171,.323,.430,.752,106,98,1,3,0,0,2,*7D,schwaky01
471,Tayler Scott,31,LAD,NL,1,0,0,0,0,0,0,0,0,0,0,0,0,,,,,,0,0,0,0,0,0,/1,scottta02
472,Corey Seager*,29,TEX,AL,33,148,132,23,46,13,0,7,34,0,0,13,27,.348,.399,.606,1.005,174,80,2,0,0,3,0,6/D,seageco01
473,Jean Segura,33,MIA,NL,57,214,195,15,38,4,1,1,11,5,2,16,33,.195,.263,.241,.504,41,47,10,2,1,0,1,*5/H,segurje01
474,Marcus Semien,32,TEX,AL,64,300,267,57,79,20,2,9,51,7,1,28,45,.296,.361,.487,.848,133,130,1,1,0,3,1,*4,semiema01
475,Nick Senzel,28,CIN,NL,45,184,163,22,42,8,0,4,27,4,1,18,40,.258,.332,.380,.712,89,62,4,1,0,2,0,58/47H9,senzeni01
476,Brian Serven,28,COL,NL,10,23,23,0,3,1,0,0,1,0,0,0,10,.130,.130,.174,.304,-22,4,0,0,0,0,0,/2HD,servebr01
477,Paul Sewald,33,SEA,AL,1,0,0,0,0,0,0,0,0,0,0,0,0,,,,,,0,0,0,0,0,0,1,sewalpa01
478,Gavin Sheets*,27,CHW,AL,49,153,136,15,31,2,0,7,22,0,0,15,27,.228,.301,.397,.698,91,54,2,0,0,2,2,9/DH37,sheetga01
479,Braden Shewmake*,25,ATL,NL,2,4,4,0,0,0,0,0,0,0,0,0,1,.000,.000,.000,.000,-100,0,0,0,0,0,0,/6,shewmbr01
480,Zack Short,28,DET,AL,30,70,62,7,17,2,0,3,12,1,0,7,18,.274,.343,.452,.794,120,28,0,0,0,1,0,4/H568D19,shortza01
481,Lucas Sims,29,CIN,NL,2,0,0,0,0,0,0,0,0,0,0,0,0,,,,,,0,0,0,0,0,0,1,simslu01
482,Jon Singleton*,31,MIL,NL,9,24,22,3,3,1,0,0,2,0,0,2,6,.136,.208,.182,.390,10,4,0,0,0,0,0,/3HD,singljo02
483,Jose Siri,27,TBR,AL,39,143,130,24,29,5,1,11,24,6,1,10,48,.223,.275,.531,.805,122,69,1,0,1,2,0,8/H,sirijo01
484,Austin Slater,30,SFG,NL,17,43,40,5,15,2,0,1,9,2,1,3,9,.375,.419,.500,.919,152,20,0,0,0,0,0,8/H7D,slateau01
485,Dominic Smith*,28,WSN,NL,61,254,225,26,59,5,0,2,16,0,0,24,38,.262,.343,.311,.654,86,70,8,4,0,1,0,*3/DH,smithdo02
486,Josh H. Smith*,25,TEX,AL,41,118,95,17,20,4,0,3,5,1,0,14,33,.211,.359,.347,.706,98,33,1,8,1,0,0,67/DH54,smithjo11
487,Kevin Smith,26,OAK,AL,31,96,89,9,17,1,0,4,8,1,0,2,33,.191,.209,.337,.546,54,30,1,0,5,0,0,6/5H,smithke05
488,Pavin Smith*,27,ARI,NL,48,172,148,23,31,5,0,7,27,0,1,23,35,.209,.316,.385,.701,93,57,1,0,0,0,0,D9/H3,smithpa04
489,Will Smith,28,LAD,NL,47,202,165,31,48,9,0,9,33,1,0,30,23,.291,.396,.509,.905,142,84,2,2,0,5,0,2/DH,smithwi05
490,Canaan Smith-Njigba*,24,PIT,NL,15,37,32,3,4,1,1,0,5,1,0,4,16,.125,.216,.219,.435,21,7,1,0,0,1,0,9/H7,smithca05
491,Nick Solak,28,TOT,MLB,2,0,0,1,0,0,0,0,0,0,0,0,0,,,,,,0,0,0,0,0,0,/HD,solakni01
492,Nick Solak,28,ATL,NL,1,0,0,1,0,0,0,0,0,0,0,0,0,,,,,,0,0,0,0,0,0,/H,solakni01
493,Nick Solak,28,DET,AL,1,0,0,0,0,0,0,0,0,0,0,0,0,,,,,,0,0,0,0,0,0,/DH,solakni01
494,Donovan Solano,35,MIN,AL,55,173,152,14,43,13,0,1,12,0,0,17,38,.283,.370,.388,.758,113,59,3,4,0,0,1,3H/D45,solando01
495,Jorge Soler,31,MIA,NL,62,260,229,35,59,12,0,19,38,1,0,27,65,.258,.346,.559,.905,144,128,6,4,0,0,2,*D9/H,solerjo01
496,Edmundo Sosa,27,PHI,NL,48,144,137,13,35,7,0,4,13,1,2,2,35,.255,.275,.394,.669,82,54,5,2,1,1,0,5/6H8,sosaed01
497,Lenyn Sosa,23,CHW,AL,22,70,68,4,9,3,0,1,3,0,0,1,16,.132,.145,.221,.366,-1,15,0,0,1,0,0,4/5H,sosale01
498,Juan Soto*,24,SDP,NL,65,283,225,34,58,16,0,10,32,6,1,56,59,.258,.406,.462,.869,146,104,4,1,0,1,5,*7/H,sotoju01
499,Livan Soto*,23,LAA,AL,4,12,9,2,2,0,0,0,0,0,0,3,2,.222,.417,.222,.639,85,2,0,0,0,0,0,/46,sotoli01
500,George Springer,33,TOR,AL,65,281,254,36,65,8,1,9,26,10,2,25,44,.256,.327,.402,.729,106,102,9,2,0,0,0,*9/DH,springe01
501,Jacob Stallings,33,MIA,NL,32,107,93,7,15,6,0,0,8,0,0,10,27,.161,.238,.226,.464,29,21,3,0,2,2,0,2/1DH,stallja01
502,Giancarlo Stanton,33,NYY,AL,20,78,73,9,17,4,0,5,12,0,0,4,17,.233,.282,.493,.775,110,36,1,1,0,0,0,D/9H,stantmi03
503,Spencer Steer,25,CIN,NL,63,268,234,35,66,17,2,8,35,5,2,27,48,.282,.362,.474,.836,120,111,4,4,0,3,0,35/D7H,steersp01
504,Tyler Stephenson,26,CIN,NL,64,259,229,29,57,11,1,4,30,0,1,26,68,.249,.332,.358,.690,84,82,7,3,0,1,1,D2/3H,stephty01
505,Cal Stevenson*,26,SFG,NL,6,12,9,1,0,0,0,0,0,0,0,3,2,.000,.250,.000,.250,-22,0,0,0,0,0,0,/8,steveca01
506,Bryson Stott*,25,PHI,NL,62,274,253,26,74,11,1,5,23,9,1,16,48,.292,.336,.403,.739,104,102,6,2,0,3,0,*4/H,stottbr01
507,Kyle Stowers*,25,BAL,AL,14,33,30,1,2,0,0,0,0,0,0,3,12,.067,.152,.067,.218,-35,2,1,0,0,0,0,/97HD,stoweky01
508,Myles Straw,28,CLE,AL,63,236,210,26,50,10,2,0,11,10,1,22,47,.238,.312,.305,.617,76,64,6,1,2,1,0,*8,strawmy01
509,Garrett Stubbs*,30,PHI,NL,14,40,38,3,9,1,1,0,3,0,0,1,14,.237,.275,.316,.591,63,12,0,1,0,0,0,2/H,stubbga01
510,Eugenio Suárez,31,SEA,AL,64,274,235,23,50,7,0,6,37,1,1,30,79,.213,.310,.319,.629,81,75,4,5,0,4,0,*5/D,suareeu01
511,Brett Sullivan*,29,SDP,NL,21,49,47,4,8,3,0,1,5,0,0,1,13,.170,.184,.298,.482,33,14,0,0,0,1,0,2/H,sullibr01
512,Brent Suter*,33,COL,NL,1,0,0,0,0,0,0,0,0,0,0,0,0,,,,,,0,0,0,0,0,0,1,suterbr01
513,Jack Suwinski*,24,PIT,NL,55,206,172,27,42,8,0,13,33,6,1,30,66,.244,.354,.517,.872,136,89,1,1,0,3,0,*897/H,suwinja01
514,Seiya Suzuki,28,CHC,NL,50,207,180,21,50,11,1,6,19,1,4,25,54,.278,.367,.450,.817,123,81,5,1,0,1,1,*9/DH,suzukse01
515,Dansby Swanson,29,CHC,NL,64,283,248,29,63,13,2,6,26,4,1,34,67,.254,.346,.395,.741,103,98,2,1,0,0,0,*6,swansda01
516,Domingo Tapia,31,SDP,NL,1,0,0,0,0,0,0,0,0,0,0,0,0,,,,,,0,0,0,0,0,0,1,tapiado01
517,Raimel Tapia*,29,BOS,AL,39,97,87,14,23,4,1,1,10,6,1,9,19,.264,.333,.368,.701,90,32,1,0,0,0,0,H7/89D,tapiara01
518,Fernando Tatis Jr.,24,SDP,NL,45,208,191,29,52,11,0,12,32,8,1,15,38,.272,.327,.518,.845,134,99,3,1,0,1,0,*9/8,tatisfe02
519,Mike Tauchman*,32,CHC,NL,21,73,58,6,15,3,0,0,6,2,1,12,15,.259,.389,.310,.699,96,18,0,1,1,1,0,8/H,tauchmi01
520,Leody Taveras#,24,TEX,AL,50,193,174,31,51,10,2,5,26,5,3,16,39,.293,.354,.460,.814,124,80,1,1,1,1,0,*8/HD,taverle01
521,Chris Taylor,32,LAD,NL,53,166,151,25,31,6,1,10,22,7,0,12,60,.205,.271,.457,.728,92,69,1,2,0,1,1,675H/84D,tayloch03
522,Michael A. Taylor,32,MIN,AL,60,182,169,23,39,7,0,9,21,11,0,9,63,.231,.276,.432,.708,94,73,5,2,1,1,0,*8/H,taylomi02
523,Tyrone Taylor,29,MIL,NL,27,78,75,5,12,3,0,1,4,4,0,2,21,.160,.179,.240,.419,15,18,4,0,0,1,0,9/8H7,tayloty01
524,Rowdy Tellez*,28,MIL,NL,61,224,199,21,45,4,1,12,28,0,0,23,57,.226,.304,.437,.741,102,87,8,0,0,2,2,*3/HD,tellero01
525,Matt Thaiss*,28,LAA,AL,46,141,120,19,33,6,0,3,18,1,0,18,39,.275,.376,.400,.776,115,48,1,2,0,1,0,2H/3D,thaisma01
526,Alek Thomas*,23,ARI,NL,39,123,113,14,22,5,2,2,10,3,1,8,27,.195,.252,.327,.579,59,37,3,1,0,1,0,8/HD,thomaal01
527,Lane Thomas,27,WSN,NL,62,268,247,42,69,13,2,9,30,6,1,17,69,.279,.332,.457,.790,120,113,2,3,0,1,0,*9/81,thomala02
528,Bubba Thompson,25,TEX,AL,36,60,53,10,9,4,1,0,4,4,2,4,16,.170,.237,.283,.520,44,15,0,1,1,1,0,7H/9D8,thompbu01
529,Trayce Thompson,32,LAD,NL,36,87,71,12,11,0,0,5,14,0,0,15,37,.155,.310,.366,.677,82,26,0,1,0,0,0,8H7/9D,thomptr01
530,Michael Toglia#,24,COL,NL,10,25,23,5,4,1,0,0,0,0,0,2,9,.174,.240,.217,.457,20,5,1,0,0,0,0,/3D7H,toglimi01
531,Justin Topa,32,SEA,AL,1,0,0,0,0,0,0,0,0,0,0,0,0,,,,,,0,0,0,0,0,0,1,topaju01
532,Spencer Torkelson,23,DET,AL,62,264,231,25,52,15,0,5,26,2,0,27,60,.225,.311,.355,.666,86,82,4,3,0,3,1,*3/D,torkesp01
533,Abraham Toro#,26,MIL,NL,5,9,8,1,4,0,0,1,5,0,0,0,3,.500,.556,.875,1.431,288,7,0,1,0,0,0,/5H,toroab01
534,Luis Torrens,27,CHC,NL,13,22,20,1,5,1,0,0,3,0,0,1,8,.250,.318,.300,.618,71,6,0,1,0,0,0,/DH27,torrelu01
535,Gleyber Torres,26,NYY,AL,66,278,245,39,62,8,1,11,28,6,5,29,36,.253,.331,.429,.760,110,105,5,1,0,3,0,*4/DH,torregl01
536,Ezequiel Tovar,21,COL,NL,63,234,221,30,56,18,1,5,27,3,1,11,67,.253,.295,.412,.707,81,91,2,2,0,0,0,*6,tovarez01
537,Taylor Trammell*,25,SEA,AL,20,54,45,6,6,0,0,3,11,0,1,8,21,.133,.278,.333,.611,74,15,2,1,0,0,0,/7DH8,trammta01
538,Alan Trejo,27,COL,NL,41,119,112,10,27,8,0,0,13,4,0,5,27,.241,.271,.313,.584,51,35,2,0,1,1,0,4/56H1,trejoal01
539,Jose Trevino,30,NYY,AL,38,124,117,11,25,2,0,3,13,0,0,7,19,.214,.258,.308,.566,57,36,4,0,0,0,0,2/H,trevijo01
540,Chadwick Tromp,28,ATL,NL,6,16,16,1,2,1,0,0,1,0,0,0,7,.125,.125,.188,.313,-17,3,0,0,0,0,0,/2,trompch01
541,Mike Trout,31,LAA,AL,63,279,240,39,61,11,0,14,36,0,0,31,79,.254,.351,.475,.826,126,114,2,6,0,2,2,*8/DH,troutmi01
542,Kyle Tucker*,26,HOU,AL,64,267,231,25,62,13,0,8,38,10,1,29,36,.268,.345,.429,.773,113,99,6,0,0,4,2,*9/D,tuckeky01
543,Brice Turang*,23,MIL,NL,57,177,166,16,34,4,2,3,14,9,3,11,48,.205,.254,.307,.561,55,51,4,0,0,0,0,46/HD,turanbr02
544,Justin Turner,38,BOS,AL,63,271,238,34,63,12,0,8,27,3,0,27,41,.265,.347,.416,.763,106,99,5,4,0,2,0,D3/45H,turneju01
545,Trea Turner,30,PHI,NL,64,286,270,36,67,15,2,7,20,9,0,16,68,.248,.290,.396,.687,88,107,1,0,0,0,2,*6/D,turnetr01
546,Luis Urías,26,MIL,NL,7,25,19,0,1,1,0,0,1,0,0,3,6,.053,.280,.105,.385,13,2,0,3,0,0,0,/54H,uriaslu01
547,Ramón Urías,29,BAL,AL,43,152,136,17,37,12,0,2,20,3,1,11,40,.272,.349,.404,.753,111,55,4,5,0,0,0,54/HD3,uriasra01
548,Gio Urshela,31,LAA,AL,60,225,211,22,64,8,1,2,24,3,2,10,36,.303,.333,.379,.712,97,80,8,1,0,3,0,53/6H4,urshegi01
549,Enmanuel Valdez*,24,BOS,AL,33,101,94,9,22,4,0,4,11,4,1,5,27,.234,.280,.404,.684,83,38,2,1,0,0,0,4/H6,valdeen01
550,Ildemaro Vargas#,31,WSN,NL,21,57,55,10,17,3,1,2,10,0,0,1,2,.309,.321,.509,.831,129,28,4,0,1,0,0,/67H45,vargail01
551,Miguel Vargas,23,LAD,NL,61,235,200,30,45,14,3,6,28,3,2,30,46,.225,.329,.415,.744,99,83,1,2,0,2,0,*4/H3D,vargami01
552,Daulton Varsho*,26,TOR,AL,66,270,243,32,54,9,0,11,26,9,2,23,55,.222,.293,.395,.688,93,96,3,2,0,2,0,*78/DH,varshda01
553,Andrew Vaughn,25,CHW,AL,65,271,238,29,58,18,1,8,40,0,0,23,50,.244,.328,.429,.757,107,102,10,8,0,2,0,*3/DH,vaughan01
554,Terrin Vavra*,26,BAL,AL,27,56,49,9,12,0,0,0,5,1,0,5,12,.245,.315,.245,.560,61,12,5,0,2,0,0,9/7HD54,vavrate01
555,Christian Vázquez,32,MIN,AL,42,150,134,15,30,5,0,0,11,0,0,14,36,.224,.300,.261,.561,60,35,4,1,0,1,0,2/3H,vazquch01
556,Nelson Velázquez,24,CHC,NL,13,32,29,8,7,2,0,3,6,0,0,3,8,.241,.313,.621,.933,148,18,1,0,0,0,0,/DH987,velazne01
557,Alex Verdugo*,27,BOS,AL,62,275,245,42,70,19,2,5,24,3,2,25,36,.286,.360,.441,.801,116,108,4,4,0,1,1,*9/H,verdual01
558,Mark Vientos,23,NYM,NL,15,45,42,2,7,0,0,1,5,0,0,2,13,.167,.200,.238,.438,22,10,1,0,0,1,0,D/3H5,vientma01
559,Matt Vierling,26,DET,AL,46,175,162,14,39,6,0,4,15,4,4,11,36,.241,.297,.352,.649,81,57,2,2,0,0,0,*9/7H854,vierlma01
560,David Villar,26,SFG,NL,32,108,96,10,13,3,0,4,11,1,1,8,35,.135,.222,.292,.514,40,28,1,3,0,1,0,45/HD3,villada01
561,Meibrys Viloria*,26,CLE,AL,10,4,3,0,0,0,0,0,0,0,0,1,0,.000,.250,.000,.250,-20,0,1,0,0,0,0,2,vilorme01
562,Daniel Vogelbach*,30,NYM,NL,47,143,118,12,24,5,0,2,14,0,0,25,37,.203,.343,.297,.639,82,35,2,0,0,0,1,DH,vogelda01
563,Luke Voit,32,MIL,NL,22,74,68,5,15,3,0,0,4,2,0,4,27,.221,.284,.265,.548,53,18,3,2,0,0,0,3D/H,voitlu01
564,Anthony Volpe,22,NYY,AL,67,250,226,24,42,5,2,9,26,14,0,22,77,.186,.260,.345,.605,67,78,3,1,0,1,0,*6/H,volpean01
565,Jason Vosler*,29,CIN,NL,20,65,62,6,10,2,1,3,10,0,0,3,25,.161,.200,.371,.571,47,23,0,0,0,0,0,3/51H,vosleja01
566,LaMonte Wade Jr.*,29,SFG,NL,62,244,194,32,53,9,1,8,20,2,0,43,45,.273,.413,.454,.867,139,88,1,4,2,1,0,*37/H98,wadela01
567,Tyler Wade*,28,OAK,AL,10,16,13,1,1,0,0,0,0,4,0,3,8,.077,.250,.077,.327,1,1,0,0,0,0,0,/H6579D,wadety01
568,Christian Walker,32,ARI,NL,61,258,230,37,58,15,0,12,38,1,0,21,47,.252,.315,.474,.789,115,109,4,2,0,4,1,*3/DH,walkech02
569,Jordan Walker,21,STL,NL,29,113,104,12,29,4,0,4,15,2,1,6,24,.279,.336,.433,.769,111,45,2,3,0,0,0,9/7H,walkejo02
570,Chad Wallach,31,LAA,AL,26,70,65,9,17,1,0,4,8,0,0,5,23,.262,.314,.462,.776,111,30,3,0,0,0,0,2/HD,wallach01
571,Matt Wallner*,25,MIN,AL,11,25,19,3,7,1,0,1,4,1,1,3,4,.368,.520,.579,1.099,208,11,0,3,0,0,0,9/H,wallnma01
572,Taylor Walls#,26,TBR,AL,53,187,161,32,34,7,2,7,22,15,0,25,49,.211,.321,.410,.731,107,66,1,1,0,0,0,54/6H,wallsta01
573,Jared Walsh*,29,LAA,AL,20,60,49,3,6,3,0,0,4,0,0,11,20,.122,.283,.184,.467,33,9,1,0,0,0,0,3/H,walshja01
574,Taylor Ward,29,LAA,AL,61,255,225,35,54,7,0,8,25,2,2,21,56,.240,.314,.378,.692,90,85,5,5,0,4,0,*7/H,wardta01
575,Drew Waters#,24,KCR,AL,13,41,38,3,7,0,0,1,3,0,0,3,16,.184,.244,.263,.507,41,10,1,0,0,0,0,8/7,waterdr01
576,Joey Wendle*,33,MIA,NL,32,98,88,11,21,6,2,1,6,2,0,7,23,.239,.302,.386,.688,88,34,2,1,2,0,0,6/H,wendljo01
577,Eli White,29,ATL,NL,6,17,14,1,1,0,0,0,0,0,0,2,7,.071,.235,.071,.307,-11,1,0,1,0,0,0,/8H,whiteel04
578,Joey Wiemer,24,MIL,NL,64,218,196,26,43,12,0,8,23,10,1,21,62,.219,.294,.403,.697,90,79,3,0,0,1,0,*89/7,wiemejo01
579,Luke Williams,26,LAD,NL,4,10,10,0,1,0,0,0,0,1,0,0,3,.100,.100,.100,.200,-46,1,0,0,0,0,0,/61H,willilu01
580,Jesse Winker*,29,MIL,NL,39,127,108,11,22,3,0,0,13,0,0,15,31,.204,.315,.231,.546,55,25,0,3,0,1,0,DH/97,winkeje01
581,Patrick Wisdom,31,CHC,NL,55,206,182,30,36,6,1,14,28,2,1,22,79,.198,.288,.473,.760,104,86,3,1,1,0,0,5/DH973,wisdopa01
582,Brett Wisely*,24,SFG,NL,33,88,82,5,16,4,0,2,7,2,0,4,24,.195,.230,.317,.547,49,26,0,0,1,1,0,48/1H,wiselbr01
583,Bobby Witt,23,KCR,AL,64,277,264,37,63,9,4,10,28,20,5,11,59,.239,.271,.417,.687,87,110,3,1,0,1,0,*6/DH,wittbo02
584,Connor Wong,27,BOS,AL,47,149,136,22,32,12,0,6,15,1,1,9,47,.235,.297,.456,.753,100,62,2,3,1,0,0,*2/H4,wongco01
585,Kolten Wong*,32,SEA,AL,41,134,118,12,18,3,0,0,9,0,1,12,30,.153,.246,.178,.424,25,21,0,3,0,1,0,4/H,wongko01
586,Austin Wynns,32,TOT,NL,18,51,45,4,9,2,0,0,6,1,0,4,19,.200,.260,.244,.504,34,11,3,0,1,1,0,2,wynnsau01
587,Austin Wynns,32,SFG,NL,1,2,2,0,0,0,0,0,0,0,0,0,2,.000,.000,.000,.000,-100,0,0,0,0,0,0,/2,wynnsau01
588,Austin Wynns,32,LAD,NL,5,12,11,0,2,1,0,0,2,0,0,1,5,.182,.250,.273,.523,41,3,0,0,0,0,0,/2,wynnsau01
589,Austin Wynns,32,COL,NL,12,37,32,4,7,1,0,0,4,1,0,3,12,.219,.278,.250,.528,39,8,3,0,1,1,0,2,wynnsau01
590,Mike Yastrzemski*,32,SFG,NL,46,182,165,28,41,11,1,6,16,0,2,15,49,.248,.315,.436,.751,104,72,2,1,1,0,1,*89/7H,yastrmi01
591,Christian Yelich*,31,MIL,NL,63,268,233,44,60,10,0,8,26,16,2,32,63,.258,.354,.403,.758,110,94,5,3,0,0,3,*7/DH,yelicch01
592,Juan Yepez,25,STL,NL,20,46,42,5,9,1,0,2,2,0,1,3,13,.214,.283,.381,.664,82,16,0,1,0,0,0,/7DH9,yepezju01
593,Masataka Yoshida*,29,BOS,AL,58,256,227,34,68,15,1,7,33,3,0,25,26,.300,.375,.467,.842,127,106,8,3,0,1,0,7D,yoshima02
594,Seby Zavala,29,CHW,AL,39,100,94,8,15,1,0,4,10,1,0,5,40,.160,.200,.298,.498,35,28,2,0,0,1,0,2/H,zavalse01
595,Mike Zunino,32,CLE,AL,41,137,121,11,22,7,0,3,11,0,0,15,60,.182,.277,.314,.591,67,38,2,1,0,0,0,2,zuninmi01
,LgAvg per 600 PA,,,,164,600,535,72,132,27,2,18,69,11,3,52,136,.247,.319,.408,.727,,218,11,6,1,4,1,,-9999
